#layer ring center[mm] area[cm2] mipsig sipm_noise   S/N power[mW] fluence dose[kRad] inner outer
     9  f08     1387    5.86      27.3     6.9      3.94    7.98   6.6e+13   204.2    1399  1374
     9  f09     1411    6.07      27.2     6.6      4.10    7.33   6.1e+13   189.6    1423  1399
     9  f10     1436    6.28      27.1     6.4      4.26    6.73   5.6e+13   176.1    1448  1423
     9  f11     1461    6.50      27.0     6.1      4.43    6.17   5.1e+13   163.7    1474  1448
     9  f12     1487    6.73      26.9     5.8      4.61    5.65   4.7e+13   152.1    1500  1474
     9  f13     1513    6.97      26.8     5.6      4.80    5.16   4.3e+13   141.5    1526  1500
     9  f14     1540    7.22      26.6     5.3      4.99    4.71   3.9e+13   131.6    1553  1526
     9  f15     1567    7.48      26.5     5.1      5.20    4.30   3.6e+13   122.5    1580  1553
     9  f16     1594    7.74      26.3     4.9      5.42    3.91   3.2e+13   114.1    1608  1580
     9  f17     1622    8.02      26.1     4.6      5.65    3.56   2.9e+13   106.4    1637  1608
     9  f18     1651    8.30      26.0     4.4      5.89    3.23   2.7e+13    99.3    1665  1637
     9  f19     1680    8.60      25.8     4.2      6.14    2.92   2.4e+13    92.7    1695  1665
     9  f20     1710    8.90      25.6     4.0      6.41    2.65   2.2e+13    86.7    1724  1695
     9  f21     1740    9.22      25.4     3.8      6.69    2.39   2.0e+13    81.1    1755  1724
     9  f22     1770    9.55      25.2     3.6      6.99    2.16   1.8e+13    76.0    1786  1755
     9  f23     1801    9.89      25.0     3.4      7.30    1.94   1.6e+13    71.3    1817  1786
     9  f24     1833   10.24      24.8     3.2      7.63    1.75   1.4e+13    67.0    1849  1817
     9  f25     1865   10.60      24.5     3.1      7.98    1.57   1.3e+13    63.0    1882  1849
     9  f26     1898   10.98      24.3     2.9      8.35    1.41   1.2e+13    59.4    1915  1882
    10  f05     1316    5.27      28.6     7.3      3.92    8.81   7.3e+13   213.0    1327  1304
    10  f06     1339    5.46      28.5     7.0      4.07    8.14   6.7e+13   197.8    1351  1327
    10  f07     1363    5.66      28.4     6.7      4.22    7.51   6.2e+13   183.7    1374  1351
    10  f08     1387    5.86      28.3     6.5      4.38    6.92   5.7e+13   170.7    1399  1374
    10  f09     1411    6.07      28.1     6.2      4.54    6.37   5.3e+13   158.7    1423  1399
    10  f10     1436    6.28      28.0     5.9      4.71    5.85   4.9e+13   147.6    1448  1423
    10  f11     1461    6.50      27.8     5.7      4.89    5.38   4.5e+13   137.3    1474  1448
    10  f12     1487    6.73      27.7     5.5      5.08    4.93   4.1e+13   127.9    1500  1474
    10  f13     1513    6.97      27.5     5.2      5.27    4.52   3.7e+13   119.1    1526  1500
    10  f14     1540    7.22      27.4     5.0      5.48    4.13   3.4e+13   111.1    1553  1526
    10  f15     1567    7.48      27.2     4.8      5.69    3.78   3.1e+13   103.7    1580  1553
    10  f16     1594    7.74      27.0     4.6      5.92    3.45   2.9e+13    96.8    1608  1580
    10  f17     1622    8.02      26.8     4.4      6.15    3.15   2.6e+13    90.5    1637  1608
    10  f18     1651    8.30      26.6     4.2      6.40    2.86   2.4e+13    84.7    1665  1637
    10  f19     1680    8.60      26.4     4.0      6.66    2.61   2.2e+13    79.4    1695  1665
    10  f20     1710    8.90      26.2     3.8      6.93    2.37   2.0e+13    74.5    1724  1695
    10  f21     1740    9.22      25.9     3.6      7.21    2.15   1.8e+13    70.0    1755  1724
    10  f22     1770    9.55      25.7     3.4      7.50    1.95   1.6e+13    65.9    1786  1755
    10  f23     1801    9.89      25.5     3.3      7.81    1.76   1.5e+13    62.1    1817  1786
    10  f24     1833   10.24      25.2     3.1      8.14    1.59   1.3e+13    58.7    1849  1817
    10  f25     1865   10.60      25.0     2.9      8.48    1.44   1.2e+13    55.5    1882  1849
    10  f26     1898   10.98      24.7     2.8      8.84    1.30   1.1e+13    52.6    1915  1882
    10  f27     1932   11.37      24.4     2.7      9.21    1.17   9.7e+12    50.0    1949  1915
    11  f00     1206    4.43      29.9     8.2      3.66   11.10   9.2e+13   264.9    1216  1195
    11  f01     1227    4.59      29.8     7.9      3.78   10.31   8.5e+13   245.6    1238  1216
    11  f02     1249    4.75      29.7     7.6      3.92    9.58   7.9e+13   227.8    1260  1238
    11  f03     1271    4.92      29.7     7.3      4.05    8.88   7.4e+13   211.3    1282  1260
    11  f04     1293    5.09      29.5     7.0      4.20    8.23   6.8e+13   195.9    1304  1282
    11  f05     1316    5.27      29.4     6.8      4.34    7.62   6.3e+13   181.7    1327  1304
    11  f06     1339    5.46      29.3     6.5      4.50    7.05   5.8e+13   168.6    1351  1327
    11  f07     1363    5.66      29.2     6.3      4.66    6.51   5.4e+13   156.4    1374  1351
    11  f08     1387    5.86      29.1     6.0      4.83    6.01   5.0e+13   145.2    1399  1374
    11  f09     1411    6.07      28.9     5.8      5.00    5.54   4.6e+13   134.8    1423  1399
    11  f10     1436    6.28      28.8     5.5      5.19    5.10   4.2e+13   125.2    1448  1423
    11  f11     1461    6.50      28.6     5.3      5.38    4.70   3.9e+13   116.4    1474  1448
    11  f12     1487    6.73      28.4     5.1      5.57    4.32   3.6e+13   108.2    1500  1474
    11  f13     1513    6.97      28.3     4.9      5.78    3.97   3.3e+13   100.7    1526  1500
    11  f14     1540    7.22      28.1     4.7      6.00    3.64   3.0e+13    93.7    1553  1526
    11  f15     1567    7.48      27.9     4.5      6.22    3.34   2.8e+13    87.3    1580  1553
    11  f16     1594    7.74      27.7     4.3      6.45    3.06   2.5e+13    81.4    1608  1580
    11  f17     1622    8.02      27.5     4.1      6.69    2.80   2.3e+13    76.0    1637  1608
    11  f18     1651    8.30      27.3     3.9      6.95    2.56   2.1e+13    71.0    1665  1637
    11  f19     1680    8.60      27.0     3.8      7.21    2.34   1.9e+13    66.4    1695  1665
    11  f20     1710    8.90      26.8     3.6      7.48    2.13   1.8e+13    62.2    1724  1695
    11  f21     1740    9.22      26.6     3.4      7.77    1.94   1.6e+13    58.4    1755  1724
    11  f22     1770    9.55      26.3     3.3      8.07    1.77   1.5e+13    54.8    1786  1755
    11  f23     1801    9.89      26.1     3.1      8.38    1.61   1.3e+13    51.6    1817  1786
    11  f24     1833   10.24      25.8     3.0      8.70    1.46   1.2e+13    48.6    1849  1817
    11  f25     1865   10.60      25.6     2.8      9.04    1.33   1.1e+13    45.9    1882  1849
    11  f26     1898   10.98      25.3     2.7      9.39    1.21   1.0e+13    43.4    1915  1882
    11  f27     1932   11.37      25.0     2.6      9.75    1.09   9.1e+12    41.2    1949  1915
    11  f28     1966   11.77      24.7     2.4     10.13    0.99   8.2e+12    39.1    1983  1949
    11  f29     2000   12.19      24.4     2.3     10.53    0.90   7.4e+12    37.3    2018  1983
    12  f00     1206    4.43      31.0     7.6      4.09    9.50   7.9e+13   221.4    1216  1195
    12  f01     1227    4.59      30.9     7.3      4.23    8.83   7.3e+13   205.6    1238  1216
    12  f02     1249    4.75      30.7     7.0      4.37    8.20   6.8e+13   191.1    1260  1238
    12  f03     1271    4.92      30.6     6.8      4.52    7.61   6.3e+13   177.6    1282  1260
    12  f04     1293    5.09      30.5     6.5      4.68    7.05   5.8e+13   165.1    1304  1282
    12  f05     1316    5.27      30.3     6.3      4.83    6.53   5.4e+13   153.6    1327  1304
    12  f06     1339    5.46      30.2     6.0      5.00    6.04   5.0e+13   142.9    1351  1327
    12  f07     1363    5.66      30.0     5.8      5.17    5.59   4.6e+13   133.1    1374  1351
    12  f08     1387    5.86      29.8     5.6      5.35    5.16   4.3e+13   124.0    1399  1374
    12  f09     1411    6.07      29.7     5.4      5.53    4.77   3.9e+13   115.6    1423  1399
    12  f10     1436    6.28      29.5     5.1      5.72    4.40   3.6e+13   107.9    1448  1423
    12  f11     1461    6.50      29.3     4.9      5.92    4.05   3.4e+13   100.8    1474  1448
    12  f12     1487    6.73      29.1     4.7      6.13    3.73   3.1e+13    94.3    1500  1474
    12  f13     1513    6.97      28.8     4.5      6.34    3.43   2.8e+13    88.3    1526  1500
    12  f14     1540    7.22      28.6     4.4      6.56    3.16   2.6e+13    82.7    1553  1526
    12  f15     1567    7.48      28.4     4.2      6.79    2.90   2.4e+13    77.6    1580  1553
    12  f16     1594    7.74      28.1     4.0      7.02    2.66   2.2e+13    72.9    1608  1580
    12  f17     1622    8.02      27.9     3.8      7.27    2.44   2.0e+13    68.7    1637  1608
    12  f18     1651    8.30      27.6     3.7      7.52    2.24   1.9e+13    64.7    1665  1637
    12  f19     1680    8.60      27.4     3.5      7.78    2.05   1.7e+13    61.1    1695  1665
    12  f20     1710    8.90      27.1     3.4      8.06    1.88   1.6e+13    57.9    1724  1695
    12  f21     1740    9.22      26.8     3.2      8.34    1.72   1.4e+13    54.9    1755  1724
    12  f22     1770    9.55      26.5     3.1      8.62    1.57   1.3e+13    52.1    1786  1755
    12  f23     1801    9.89      26.2     2.9      8.92    1.43   1.2e+13    49.7    1817  1786
    12  f24     1833   10.24      25.9     2.8      9.23    1.31   1.1e+13    47.4    1849  1817
    12  f25     1865   10.60      25.6     2.7      9.55    1.19   9.9e+12    45.4    1882  1849
    12  f26     1898   10.98      25.3     2.6      9.88    1.09   9.0e+12    43.6    1915  1882
    12  f27     1932   11.37      25.0     2.4     10.22    0.99   8.2e+12    42.0    1949  1915
    12  f28     1966   11.77      24.6     2.3     10.57    0.90   7.5e+12    40.6    1983  1949
    12  f29     2000   12.19      24.3     2.2     10.92    0.82   6.8e+12    39.3    2018  1983
    12  f30     2036   12.62      24.0     2.1     11.29    0.75   6.2e+12    38.2    2053  2018
    12  f31     2071   13.07      23.6     2.0     11.67    0.68   5.6e+12    37.4    2089  2053
    13  b10     1134    6.13      26.2     7.0      3.72    8.21   6.8e+13   228.0    1147  1122
    13  b11     1159    6.40      26.1     6.7      3.87    7.52   6.2e+13   207.6    1172  1147
    13  b12     1185    6.69      26.0     6.4      4.03    6.88   5.7e+13   188.9    1198  1172
    13  b13     1211    6.98      25.8     6.2      4.20    6.28   5.2e+13   171.9    1224  1198
    13  b14     1238    7.29      25.7     5.9      4.37    5.74   4.8e+13   156.4    1251  1224
    13  b15     1265    7.62      25.6     5.6      4.55    5.23   4.3e+13   142.3    1279  1251
    13  b16     1293    7.96      25.4     5.4      4.74    4.77   4.0e+13   129.4    1307  1279
    13  b17     1322    8.32      25.3     5.1      4.94    4.34   3.6e+13   117.8    1336  1307
    13  b18     1351    8.69      25.1     4.9      5.14    3.95   3.3e+13   107.2    1365  1336
    13  b19     1380    9.07      24.9     4.7      5.35    3.59   3.0e+13    97.6    1396  1365
    13  b20     1411    9.48      24.7     4.4      5.57    3.27   2.7e+13    88.9    1426  1396
    13  b21     1442    9.90      24.5     4.2      5.80    2.97   2.5e+13    81.1    1458  1426
    13  b22     1474   10.34      24.3     4.0      6.03    2.69   2.2e+13    73.9    1490  1458
    13  b23     1506   10.80      24.1     3.8      6.28    2.44   2.0e+13    67.5    1523  1490
    13  b24     1540   11.29      23.9     3.7      6.53    2.22   1.8e+13    61.7    1556  1523
    13  b25     1574   11.79      23.6     3.5      6.79    2.01   1.7e+13    56.5    1591  1556
    13  b26     1608   12.31      23.4     3.3      7.06    1.82   1.5e+13    51.7    1626  1591
    13  b27     1644   12.86      23.1     3.2      7.33    1.65   1.4e+13    47.5    1662  1626
    13  b28     1680   13.44      22.9     3.0      7.62    1.49   1.2e+13    43.7    1698  1662
    13  b29     1717   14.04      22.6     2.9      7.91    1.35   1.1e+13    40.2    1736  1698
    13  b30     1755   14.66      22.3     2.7      8.21    1.23   1.0e+13    37.1    1774  1736
    13  b31     1794   15.32      22.0     2.6      8.51    1.11   9.2e+12    34.3    1813  1774
    13  b32     1833   16.00      21.7     2.5      8.82    1.01   8.3e+12    31.9    1853  1813
    13  b33     1874   16.71      21.4     2.3      9.14    0.91   7.6e+12    29.6    1894  1853
    13  b34     1915   17.46      21.1     2.2      9.46    0.83   6.9e+12    27.7    1936  1894
    13  b35     1957   18.24      20.8     2.1      9.78    0.75   6.2e+12    25.9    1979  1936
    13  b36     2000   19.05      20.5     2.0     10.11    0.68   5.7e+12    24.3    2022  1979
    13  b37     2045   19.90      20.2     1.9     10.43    0.62   5.1e+12    23.0    2067  2022
    13  b38     2090   20.79      19.8     1.8     10.76    0.56   4.7e+12    21.8    2112  2067
    13  b39     2136   21.72      19.5     1.8     11.08    0.51   4.3e+12    20.7    2159  2112
    14  b07     1062    5.37      27.6     6.8      4.07    7.65   6.3e+13   242.3    1074  1051
    14  b08     1086    5.61      27.5     6.5      4.24    7.01   5.8e+13   220.2    1098  1074
    14  b09     1110    5.86      27.4     6.2      4.41    6.41   5.3e+13   200.1    1122  1098
    14  b10     1134    6.13      27.3     5.9      4.60    5.86   4.9e+13   181.8    1147  1122
    14  b11     1159    6.40      27.2     5.7      4.79    5.35   4.4e+13   165.2    1172  1147
    14  b12     1185    6.69      27.0     5.4      4.98    4.89   4.0e+13   150.1    1198  1172
    14  b13     1211    6.98      26.9     5.2      5.19    4.46   3.7e+13   136.5    1224  1198
    14  b14     1238    7.29      26.7     4.9      5.40    4.06   3.4e+13   124.1    1251  1224
    14  b15     1265    7.62      26.6     4.7      5.62    3.70   3.1e+13   112.9    1279  1251
    14  b16     1293    7.96      26.4     4.5      5.85    3.37   2.8e+13   102.8    1307  1279
    14  b17     1322    8.32      26.2     4.3      6.08    3.07   2.5e+13    93.7    1336  1307
    14  b18     1351    8.69      26.0     4.1      6.32    2.80   2.3e+13    85.5    1365  1336
    14  b19     1380    9.07      25.7     3.9      6.57    2.54   2.1e+13    78.0    1396  1365
    14  b20     1411    9.48      25.5     3.7      6.83    2.32   1.9e+13    71.3    1426  1396
    14  b21     1442    9.90      25.3     3.6      7.09    2.11   1.7e+13    65.3    1458  1426
    14  b22     1474   10.34      25.0     3.4      7.36    1.92   1.6e+13    59.9    1490  1458
    14  b23     1506   10.80      24.8     3.2      7.64    1.74   1.4e+13    55.0    1523  1490
    14  b24     1540   11.29      24.5     3.1      7.92    1.59   1.3e+13    50.6    1556  1523
    14  b25     1574   11.79      24.2     2.9      8.20    1.44   1.2e+13    46.7    1591  1556
    14  b26     1608   12.31      23.9     2.8      8.49    1.31   1.1e+13    43.2    1626  1591
    14  b27     1644   12.86      23.6     2.7      8.79    1.20   9.9e+12    40.0    1662  1626
    14  b28     1680   13.44      23.3     2.6      9.08    1.09   9.0e+12    37.2    1698  1662
    14  b29     1717   14.04      23.0     2.4      9.38    0.99   8.2e+12    34.7    1736  1698
    14  b30     1755   14.66      22.6     2.3      9.68    0.91   7.5e+12    32.5    1774  1736
    14  b31     1794   15.32      22.3     2.2      9.98    0.83   6.9e+12    30.5    1813  1774
    14  b32     1833   16.00      22.0     2.1     10.27    0.76   6.3e+12    28.8    1853  1813
    14  b33     1874   16.71      21.6     2.0     10.56    0.70   5.8e+12    27.3    1894  1853
    14  b34     1915   17.46      21.3     2.0     10.84    0.64   5.3e+12    26.0    1936  1894
    14  b35     1957   18.24      20.9     1.9     11.11    0.59   4.9e+12    24.9    1979  1936
    14  b36     2000   19.05      20.5     1.8     11.38    0.54   4.5e+12    23.9    2022  1979
    14  b37     2045   19.90      20.2     1.7     11.62    0.50   4.1e+12    23.2    2067  2022
    14  b38     2090   20.79      19.8     1.7     11.86    0.46   3.8e+12    22.6    2112  2067
    14  b39     2136   21.72      19.4     1.6     12.07    0.43   3.5e+12    22.1    2159  2112
    14  b40     2183   22.69      19.0     1.5     12.26    0.40   3.3e+12    21.9    2207  2159
    14  b41     2231   23.70      18.6     1.5     12.42    0.37   3.1e+12    21.8    2255  2207
    14  b42     2280   24.75      18.2     1.4     12.55    0.35   2.9e+12    21.9    2305  2255
    15  b00      912    3.96      29.6     8.1      3.67   10.81   9.0e+13   362.8     922   902
    15  b01      932    4.14      29.7     7.7      3.87    9.80   8.1e+13   324.3     942   922
    15  b02      953    4.32      29.6     7.4      4.03    8.98   7.4e+13   294.4     963   942
    15  b03      974    4.51      29.6     7.0      4.20    8.23   6.8e+13   267.1     984   963
    15  b04      995    4.72      29.5     6.7      4.38    7.54   6.2e+13   242.3    1006   984
    15  b05     1017    4.93      29.4     6.4      4.56    6.90   5.7e+13   219.6    1028  1006
    15  b06     1040    5.15      29.3     6.2      4.76    6.30   5.2e+13   199.1    1051  1028
    15  b07     1062    5.37      29.2     5.9      4.96    5.76   4.8e+13   180.4    1074  1051
    15  b08     1086    5.61      29.1     5.6      5.17    5.26   4.4e+13   163.4    1098  1074
    15  b09     1110    5.86      28.9     5.4      5.38    4.80   4.0e+13   148.0    1122  1098
    15  b10     1134    6.13      28.8     5.1      5.61    4.37   3.6e+13   134.0    1147  1122
    15  b11     1159    6.40      28.6     4.9      5.85    3.98   3.3e+13   121.4    1172  1147
    15  b12     1185    6.69      28.5     4.7      6.09    3.63   3.0e+13   110.0    1198  1172
    15  b13     1211    6.98      28.3     4.5      6.34    3.30   2.7e+13    99.7    1224  1198
    15  b14     1238    7.29      28.1     4.3      6.60    3.01   2.5e+13    90.4    1251  1224
    15  b15     1265    7.62      27.9     4.1      6.87    2.73   2.3e+13    82.0    1279  1251
    15  b16     1293    7.96      27.7     3.9      7.15    2.49   2.1e+13    74.4    1307  1279
    15  b17     1322    8.32      27.4     3.7      7.43    2.26   1.9e+13    67.6    1336  1307
    15  b18     1351    8.69      27.2     3.5      7.73    2.06   1.7e+13    61.5    1365  1336
    15  b19     1380    9.07      26.9     3.4      8.03    1.87   1.5e+13    56.0    1396  1365
    15  b20     1411    9.48      26.7     3.2      8.34    1.70   1.4e+13    51.0    1426  1396
    15  b21     1442    9.90      26.4     3.1      8.65    1.55   1.3e+13    46.6    1458  1426
    15  b22     1474   10.34      26.1     2.9      8.98    1.41   1.2e+13    42.6    1490  1458
    15  b23     1506   10.80      25.8     2.8      9.30    1.28   1.1e+13    39.0    1523  1490
    15  b24     1540   11.29      25.5     2.6      9.64    1.16   9.7e+12    35.8    1556  1523
    15  b25     1574   11.79      25.2     2.5      9.97    1.06   8.8e+12    33.0    1591  1556
    15  b26     1608   12.31      24.9     2.4     10.31    0.97   8.0e+12    30.4    1626  1591
    15  b27     1644   12.86      24.6     2.3     10.65    0.88   7.3e+12    28.1    1662  1626
    15  b28     1680   13.44      24.2     2.2     10.98    0.81   6.7e+12    26.1    1698  1662
    15  b29     1717   14.04      23.9     2.1     11.32    0.74   6.1e+12    24.3    1736  1698
    15  b30     1755   14.66      23.5     2.0     11.65    0.68   5.6e+12    22.7    1774  1736
    15  b31     1794   15.32      23.2     1.9     11.98    0.62   5.1e+12    21.3    1813  1774
    15  b32     1833   16.00      22.8     1.9     12.29    0.57   4.7e+12    20.0    1853  1813
    15  b33     1874   16.71      22.4     1.8     12.60    0.53   4.4e+12    19.0    1894  1853
    15  b34     1915   17.46      22.0     1.7     12.89    0.49   4.0e+12    18.0    1936  1894
    15  b35     1957   18.24      21.7     1.6     13.17    0.45   3.7e+12    17.2    1979  1936
    15  b36     2000   19.05      21.3     1.6     13.42    0.42   3.5e+12    16.6    2022  1979
    15  b37     2045   19.90      20.9     1.5     13.65    0.39   3.2e+12    16.0    2067  2022
    15  b38     2090   20.79      20.5     1.5     13.86    0.36   3.0e+12    15.6    2112  2067
    15  b39     2136   21.72      20.1     1.4     14.03    0.34   2.8e+12    15.3    2159  2112
    15  b40     2183   22.69      19.7     1.4     14.17    0.32   2.6e+12    15.2    2207  2159
    15  b41     2231   23.70      19.2     1.3     14.27    0.30   2.5e+12    15.1    2255  2207
    15  b42     2280   24.75      18.8     1.3     14.33    0.29   2.4e+12    15.2    2305  2255
    15  b43     2330   25.86      18.4     1.3     14.34    0.27   2.3e+12    15.4    2356  2305
    15  b44     2382   27.01      17.9     1.3     14.30    0.26   2.2e+12    15.8    2408  2356
    16  b00      912    3.96      31.4     7.2      4.38    8.55   7.1e+13   273.9     922   902
    16  b01      932    4.14      31.5     6.8      4.62    7.70   6.4e+13   242.8     942   922
    16  b02      953    4.32      31.4     6.5      4.83    7.04   5.8e+13   219.0     963   942
    16  b03      974    4.51      31.3     6.2      5.04    6.42   5.3e+13   197.5     984   963
    16  b04      995    4.72      31.3     5.9      5.26    5.85   4.8e+13   177.9    1006   984
    16  b05     1017    4.93      31.2     5.7      5.50    5.33   4.4e+13   160.3    1028  1006
    16  b06     1040    5.15      31.0     5.4      5.74    4.85   4.0e+13   144.4    1051  1028
    16  b07     1062    5.37      30.9     5.2      5.99    4.42   3.7e+13   130.1    1074  1051
    16  b08     1086    5.61      30.8     4.9      6.25    4.02   3.3e+13   117.2    1098  1074
    16  b09     1110    5.86      30.6     4.7      6.52    3.65   3.0e+13   105.5    1122  1098
    16  b10     1134    6.13      30.4     4.5      6.81    3.32   2.7e+13    95.1    1147  1122
    16  b11     1159    6.40      30.2     4.3      7.10    3.01   2.5e+13    85.7    1172  1147
    16  b12     1185    6.69      30.0     4.1      7.40    2.73   2.3e+13    77.2    1198  1172
    16  b13     1211    6.98      29.8     3.9      7.71    2.48   2.1e+13    69.7    1224  1198
    16  b14     1238    7.29      29.6     3.7      8.03    2.25   1.9e+13    62.9    1251  1224
    16  b15     1265    7.62      29.3     3.5      8.36    2.04   1.7e+13    56.8    1279  1251
    16  b16     1293    7.96      29.1     3.3      8.70    1.86   1.5e+13    51.4    1307  1279
    16  b17     1322    8.32      28.8     3.2      9.05    1.68   1.4e+13    46.5    1336  1307
    16  b18     1351    8.69      28.5     3.0      9.40    1.53   1.3e+13    42.2    1365  1336
    16  b19     1380    9.07      28.3     2.9      9.77    1.39   1.2e+13    38.3    1396  1365
    16  b20     1411    9.48      27.9     2.8     10.14    1.26   1.0e+13    34.8    1426  1396
    16  b21     1442    9.90      27.6     2.6     10.51    1.15   9.5e+12    31.7    1458  1426
    16  b22     1474   10.34      27.3     2.5     10.89    1.04   8.6e+12    29.0    1490  1458
    16  b23     1506   10.80      27.0     2.4     11.27    0.95   7.9e+12    26.5    1523  1490
    16  b24     1540   11.29      26.6     2.3     11.66    0.87   7.2e+12    24.3    1556  1523
    16  b25     1574   11.79      26.3     2.2     12.04    0.79   6.5e+12    22.4    1591  1556
    16  b26     1608   12.31      25.9     2.1     12.43    0.72   6.0e+12    20.7    1626  1591
    16  b27     1644   12.86      25.5     2.0     12.80    0.66   5.5e+12    19.2    1662  1626
    16  b28     1680   13.44      25.2     1.9     13.18    0.60   5.0e+12    17.8    1698  1662
    16  b29     1717   14.04      24.8     1.8     13.54    0.56   4.6e+12    16.7    1736  1698
    16  b30     1755   14.66      24.4     1.8     13.89    0.51   4.2e+12    15.6    1774  1736
    16  b31     1794   15.32      24.0     1.7     14.23    0.47   3.9e+12    14.7    1813  1774
    16  b32     1833   16.00      23.6     1.6     14.54    0.44   3.6e+12    14.0    1853  1813
    16  b33     1874   16.71      23.2     1.6     14.84    0.40   3.3e+12    13.3    1894  1853
    16  b34     1915   17.46      22.7     1.5     15.11    0.38   3.1e+12    12.8    1936  1894
    16  b35     1957   18.24      22.3     1.5     15.35    0.35   2.9e+12    12.3    1979  1936
    16  b36     2000   19.05      21.9     1.4     15.55    0.33   2.7e+12    12.0    2022  1979
    16  b37     2045   19.90      21.5     1.4     15.72    0.31   2.6e+12    11.7    2067  2022
    16  b38     2090   20.79      21.0     1.3     15.85    0.29   2.4e+12    11.6    2112  2067
    16  b39     2136   21.72      20.6     1.3     15.92    0.28   2.3e+12    11.5    2159  2112
    16  b40     2183   22.69      20.1     1.3     15.95    0.26   2.2e+12    11.5    2207  2159
    16  b41     2231   23.70      19.7     1.2     15.92    0.25   2.1e+12    11.7    2255  2207
    16  b42     2280   24.75      19.2     1.2     15.83    0.24   2.0e+12    12.0    2305  2255
    16  b43     2330   25.86      18.7     1.2     15.68    0.24   2.0e+12    12.4    2356  2305
    16  b44     2382   27.01      18.2     1.2     15.46    0.23   1.9e+12    13.0    2408  2356
    16  b45     2434   28.22      17.8     1.2     15.17    0.23   1.9e+12    13.8    2461  2408
    16  b46     2488   29.48      17.3     1.2     14.82    0.23   1.9e+12    14.9    2515  2461
    17  b00      912    3.96      32.8     6.5      5.09    6.91   5.7e+13   218.4     922   902
    17  b01      932    4.14      32.9     6.1      5.38    6.19   5.1e+13   192.6     942   922
    17  b02      953    4.32      32.8     5.8      5.64    5.63   4.7e+13   173.0     963   942
    17  b03      974    4.51      32.7     5.5      5.90    5.11   4.2e+13   155.3     984   963
    17  b04      995    4.72      32.6     5.3      6.17    4.63   3.8e+13   139.3    1006   984
    17  b05     1017    4.93      32.5     5.0      6.46    4.20   3.5e+13   125.0    1028  1006
    17  b06     1040    5.15      32.4     4.8      6.76    3.80   3.2e+13   112.1    1051  1028
    17  b07     1062    5.37      32.2     4.6      7.07    3.44   2.9e+13   100.5    1074  1051
    17  b08     1086    5.61      32.0     4.3      7.39    3.12   2.6e+13    90.1    1098  1074
    17  b09     1110    5.86      31.9     4.1      7.73    2.82   2.3e+13    80.8    1122  1098
    17  b10     1134    6.13      31.7     3.9      8.08    2.55   2.1e+13    72.5    1147  1122
    17  b11     1159    6.40      31.5     3.7      8.44    2.30   1.9e+13    65.0    1172  1147
    17  b12     1185    6.69      31.2     3.5      8.82    2.08   1.7e+13    58.3    1198  1172
    17  b13     1211    6.98      31.0     3.4      9.20    1.88   1.6e+13    52.4    1224  1198
    17  b14     1238    7.29      30.7     3.2      9.60    1.70   1.4e+13    47.1    1251  1224
    17  b15     1265    7.62      30.5     3.0     10.02    1.53   1.3e+13    42.3    1279  1251
    17  b16     1293    7.96      30.2     2.9     10.44    1.39   1.1e+13    38.1    1307  1279
    17  b17     1322    8.32      29.9     2.7     10.88    1.25   1.0e+13    34.3    1336  1307
    17  b18     1351    8.69      29.6     2.6     11.32    1.13   9.4e+12    31.0    1365  1336
    17  b19     1380    9.07      29.3     2.5     11.78    1.02   8.5e+12    28.0    1396  1365
    17  b20     1411    9.48      28.9     2.4     12.24    0.93   7.7e+12    25.3    1426  1396
    17  b21     1442    9.90      28.6     2.2     12.71    0.84   7.0e+12    23.0    1458  1426
    17  b22     1474   10.34      28.2     2.1     13.19    0.76   6.3e+12    20.9    1490  1458
    17  b23     1506   10.80      27.9     2.0     13.67    0.69   5.7e+12    19.1    1523  1490
    17  b24     1540   11.29      27.5     1.9     14.15    0.63   5.2e+12    17.4    1556  1523
    17  b25     1574   11.79      27.1     1.9     14.64    0.57   4.7e+12    16.0    1591  1556
    17  b26     1608   12.31      26.8     1.8     15.12    0.52   4.3e+12    14.7    1626  1591
    17  b27     1644   12.86      26.4     1.7     15.59    0.47   3.9e+12    13.5    1662  1626
    17  b28     1680   13.44      26.0     1.6     16.06    0.43   3.6e+12    12.5    1698  1662
    17  b29     1717   14.04      25.6     1.5     16.51    0.40   3.3e+12    11.7    1736  1698
    17  b30     1755   14.66      25.1     1.5     16.95    0.37   3.0e+12    10.9    1774  1736
    17  b31     1794   15.32      24.7     1.4     17.37    0.34   2.8e+12    10.2    1813  1774
    17  b32     1833   16.00      24.3     1.4     17.76    0.31   2.6e+12     9.7    1853  1813
    17  b33     1874   16.71      23.9     1.3     18.12    0.29   2.4e+12     9.2    1894  1853
    17  b34     1915   17.46      23.4     1.3     18.45    0.27   2.2e+12     8.8    1936  1894
    17  b35     1957   18.24      23.0     1.2     18.74    0.25   2.1e+12     8.4    1979  1936
    17  b36     2000   19.05      22.6     1.2     18.98    0.23   1.9e+12     8.2    2022  1979
    17  b37     2045   19.90      22.1     1.2     19.17    0.22   1.8e+12     8.0    2067  2022
    17  b38     2090   20.79      21.7     1.1     19.31    0.21   1.7e+12     7.8    2112  2067
    17  b39     2136   21.72      21.2     1.1     19.38    0.20   1.6e+12     7.8    2159  2112
    17  b40     2183   22.69      20.7     1.1     19.39    0.19   1.6e+12     7.8    2207  2159
    17  b41     2231   23.70      20.3     1.0     19.32    0.18   1.5e+12     7.9    2255  2207
    17  b42     2280   24.75      19.8     1.0     19.18    0.18   1.5e+12     8.1    2305  2255
    17  b43     2330   25.86      19.3     1.0     18.95    0.17   1.4e+12     8.4    2356  2305
    17  b44     2382   27.01      18.8     1.0     18.64    0.17   1.4e+12     8.8    2408  2356
    17  b45     2434   28.22      18.4     1.0     18.25    0.17   1.4e+12     9.3    2461  2408
    17  b46     2488   29.48      17.9     1.0     17.76    0.17   1.4e+12    10.0    2515  2461
    17  b47     2543   30.79      17.3     1.0     17.19    0.17   1.4e+12    10.9    2571  2515
    17  b48     2599   32.16      16.8     1.0     16.53    0.17   1.4e+12    12.1    2627  2571
    18  b00      912    3.96      34.2     5.9      5.84    5.71   4.7e+13   174.7     922   902
    18  b01      932    4.14      34.3     5.5      6.19    5.09   4.2e+13   153.0     942   922
    18  b02      953    4.32      34.2     5.3      6.49    4.60   3.8e+13   136.8     963   942
    18  b03      974    4.51      34.1     5.0      6.81    4.16   3.4e+13   122.2     984   963
    18  b04      995    4.72      33.9     4.8      7.13    3.76   3.1e+13   109.1    1006   984
    18  b05     1017    4.93      33.8     4.5      7.48    3.39   2.8e+13    97.5    1028  1006
    18  b06     1040    5.15      33.6     4.3      7.83    3.06   2.5e+13    87.0    1051  1028
    18  b07     1062    5.37      33.5     4.1      8.21    2.76   2.3e+13    77.7    1074  1051
    18  b08     1086    5.61      33.3     3.9      8.60    2.49   2.1e+13    69.4    1098  1074
    18  b09     1110    5.86      33.1     3.7      9.00    2.24   1.9e+13    62.1    1122  1098
    18  b10     1134    6.13      32.8     3.5      9.42    2.02   1.7e+13    55.5    1147  1122
    18  b11     1159    6.40      32.6     3.3      9.86    1.81   1.5e+13    49.6    1172  1147
    18  b12     1185    6.69      32.3     3.1     10.31    1.63   1.4e+13    44.4    1198  1172
    18  b13     1211    6.98      32.1     3.0     10.77    1.47   1.2e+13    39.8    1224  1198
    18  b14     1238    7.29      31.8     2.8     11.25    1.32   1.1e+13    35.7    1251  1224
    18  b15     1265    7.62      31.5     2.7     11.75    1.19   9.9e+12    32.1    1279  1251
    18  b16     1293    7.96      31.1     2.5     12.26    1.07   8.9e+12    28.8    1307  1279
    18  b17     1322    8.32      30.8     2.4     12.79    0.96   8.0e+12    26.0    1336  1307
    18  b18     1351    8.69      30.5     2.3     13.32    0.87   7.2e+12    23.4    1365  1336
    18  b19     1380    9.07      30.1     2.2     13.87    0.78   6.5e+12    21.2    1396  1365
    18  b20     1411    9.48      29.7     2.1     14.43    0.70   5.8e+12    19.2    1426  1396
    18  b21     1442    9.90      29.4     2.0     15.00    0.64   5.3e+12    17.4    1458  1426
    18  b22     1474   10.34      29.0     1.9     15.57    0.57   4.8e+12    15.9    1490  1458
    18  b23     1506   10.80      28.6     1.8     16.15    0.52   4.3e+12    14.5    1523  1490
    18  b24     1540   11.29      28.2     1.7     16.73    0.47   3.9e+12    13.3    1556  1523
    18  b25     1574   11.79      27.8     1.6     17.31    0.43   3.5e+12    12.3    1591  1556
    18  b26     1608   12.31      27.3     1.5     17.89    0.39   3.2e+12    11.3    1626  1591
    18  b27     1644   12.86      26.9     1.5     18.46    0.35   2.9e+12    10.5    1662  1626
    18  b28     1680   13.44      26.5     1.4     19.01    0.32   2.7e+12     9.8    1698  1662
    18  b29     1717   14.04      26.0     1.3     19.55    0.29   2.4e+12     9.2    1736  1698
    18  b30     1755   14.66      25.6     1.3     20.07    0.27   2.2e+12     8.7    1774  1736
    18  b31     1794   15.32      25.1     1.2     20.56    0.25   2.1e+12     8.2    1813  1774
    18  b32     1833   16.00      24.7     1.2     21.02    0.23   1.9e+12     7.9    1853  1813
    18  b33     1874   16.71      24.2     1.1     21.44    0.21   1.8e+12     7.6    1894  1853
    18  b34     1915   17.46      23.7     1.1     21.81    0.20   1.6e+12     7.3    1936  1894
    18  b35     1957   18.24      23.3     1.1     22.13    0.18   1.5e+12     7.2    1979  1936
    18  b36     2000   19.05      22.8     1.0     22.39    0.17   1.4e+12     7.1    2022  1979
    18  b37     2045   19.90      22.3     1.0     22.59    0.16   1.3e+12     7.0    2067  2022
    18  b38     2090   20.79      21.8     1.0     22.71    0.15   1.3e+12     7.0    2112  2067
    18  b39     2136   21.72      21.3     0.9     22.76    0.15   1.2e+12     7.1    2159  2112
    18  b40     2183   22.69      20.8     0.9     22.72    0.14   1.2e+12     7.3    2207  2159
    18  b41     2231   23.70      20.3     0.9     22.58    0.13   1.1e+12     7.6    2255  2207
    18  b42     2280   24.75      19.8     0.9     22.34    0.13   1.1e+12     8.0    2305  2255
    18  b43     2330   25.86      19.3     0.9     22.01    0.13   1.1e+12     8.5    2356  2305
    18  b44     2382   27.01      18.8     0.9     21.56    0.13   1.0e+12     9.2    2408  2356
    18  b45     2434   28.22      18.2     0.9     21.01    0.12   1.0e+12    10.1    2461  2408
    18  b46     2488   29.48      17.7     0.9     20.35    0.13   1.0e+12    11.3    2515  2461
    18  b47     2543   30.79      17.1     0.9     19.57    0.13   1.1e+12    12.8    2571  2515
    18  b48     2599   32.16      16.5     0.9     18.69    0.13   1.1e+12    14.8    2627  2571
    19  b00      912    3.96      35.4     5.3      6.62    4.74   3.9e+13   143.9     922   902
    19  b01      932    4.14      35.4     5.0      7.04    4.20   3.5e+13   125.5     942   922
    19  b02      953    4.32      35.3     4.8      7.40    3.78   3.1e+13   111.6     963   942
    19  b03      974    4.51      35.2     4.5      7.78    3.40   2.8e+13    99.3     984   963
    19  b04      995    4.72      35.1     4.3      8.17    3.06   2.5e+13    88.3    1006   984
    19  b05     1017    4.93      34.9     4.1      8.58    2.74   2.3e+13    78.5    1028  1006
    19  b06     1040    5.15      34.7     3.9      9.01    2.46   2.0e+13    69.8    1051  1028
    19  b07     1062    5.37      34.5     3.6      9.46    2.21   1.8e+13    62.0    1074  1051
    19  b08     1086    5.61      34.3     3.5      9.93    1.98   1.6e+13    55.1    1098  1074
    19  b09     1110    5.86      34.1     3.3     10.42    1.78   1.5e+13    49.0    1122  1098
    19  b10     1134    6.13      33.8     3.1     10.93    1.59   1.3e+13    43.6    1147  1122
    19  b11     1159    6.40      33.6     2.9     11.46    1.43   1.2e+13    38.8    1172  1147
    19  b12     1185    6.69      33.3     2.8     12.01    1.28   1.1e+13    34.6    1198  1172
    19  b13     1211    6.98      33.0     2.6     12.58    1.14   9.5e+12    30.8    1224  1198
    19  b14     1238    7.29      32.7     2.5     13.17    1.02   8.5e+12    27.5    1251  1224
    19  b15     1265    7.62      32.4     2.4     13.78    0.92   7.6e+12    24.5    1279  1251
    19  b16     1293    7.96      32.0     2.2     14.40    0.82   6.8e+12    22.0    1307  1279
    19  b17     1322    8.32      31.7     2.1     15.05    0.74   6.1e+12    19.7    1336  1307
    19  b18     1351    8.69      31.3     2.0     15.71    0.66   5.5e+12    17.7    1365  1336
    19  b19     1380    9.07      30.9     1.9     16.38    0.59   4.9e+12    15.9    1396  1365
    19  b20     1411    9.48      30.6     1.8     17.07    0.53   4.4e+12    14.3    1426  1396
    19  b21     1442    9.90      30.2     1.7     17.78    0.48   4.0e+12    12.9    1458  1426
    19  b22     1474   10.34      29.8     1.6     18.49    0.43   3.6e+12    11.7    1490  1458
    19  b23     1506   10.80      29.3     1.5     19.20    0.39   3.2e+12    10.6    1523  1490
    19  b24     1540   11.29      28.9     1.5     19.92    0.35   2.9e+12     9.7    1556  1523
    19  b25     1574   11.79      28.5     1.4     20.64    0.32   2.6e+12     8.9    1591  1556
    19  b26     1608   12.31      28.1     1.3     21.36    0.29   2.4e+12     8.2    1626  1591
    19  b27     1644   12.86      27.6     1.3     22.06    0.26   2.2e+12     7.5    1662  1626
    19  b28     1680   13.44      27.2     1.2     22.75    0.24   2.0e+12     7.0    1698  1662
    19  b29     1717   14.04      26.7     1.1     23.42    0.22   1.8e+12     6.5    1736  1698
    19  b30     1755   14.66      26.2     1.1     24.06    0.20   1.6e+12     6.1    1774  1736
    19  b31     1794   15.32      25.8     1.0     24.67    0.18   1.5e+12     5.7    1813  1774
    19  b32     1833   16.00      25.3     1.0     25.23    0.17   1.4e+12     5.5    1853  1813
    19  b33     1874   16.71      24.8     1.0     25.75    0.15   1.3e+12     5.2    1894  1853
    19  b34     1915   17.46      24.4     0.9     26.21    0.14   1.2e+12     5.0    1936  1894
    19  b35     1957   18.24      23.9     0.9     26.60    0.13   1.1e+12     4.9    1979  1936
    19  b36     2000   19.05      23.4     0.9     26.91    0.13   1.0e+12     4.8    2022  1979
    19  b37     2045   19.90      22.9     0.8     27.15    0.12   9.8e+11     4.7    2067  2022
    19  b38     2090   20.79      22.4     0.8     27.29    0.11   9.3e+11     4.7    2112  2067
    19  b39     2136   21.72      21.9     0.8     27.33    0.11   8.8e+11     4.7    2159  2112
    19  b40     2183   22.69      21.4     0.8     27.25    0.10   8.5e+11     4.8    2207  2159
    19  b41     2231   23.70      20.9     0.8     27.07    0.10   8.2e+11     5.0    2255  2207
    19  b42     2280   24.75      20.4     0.8     26.75    0.10   8.0e+11     5.2    2305  2255
    19  b43     2330   25.86      19.9     0.8     26.31    0.09   7.9e+11     5.5    2356  2305
    19  b44     2382   27.01      19.4     0.8     25.74    0.09   7.8e+11     5.9    2408  2356
    19  b45     2434   28.22      18.8     0.8     25.04    0.09   7.8e+11     6.4    2461  2408
    19  b46     2488   29.48      18.3     0.8     24.20    0.09   7.9e+11     7.1    2515  2461
    19  b47     2543   30.79      17.8     0.8     23.23    0.10   8.0e+11     8.0    2571  2515
    19  b48     2599   32.16      17.2     0.8     22.14    0.10   8.3e+11     9.2    2627  2571
    20  b00      912    3.96      36.6     5.0      7.35    4.11   3.4e+13   118.2     922   902
    20  b01      932    4.14      36.6     4.7      7.83    3.62   3.0e+13   102.6     942   922
    20  b02      953    4.32      36.5     4.4      8.24    3.25   2.7e+13    90.9     963   942
    20  b03      974    4.51      36.3     4.2      8.67    2.91   2.4e+13    80.6     984   963
    20  b04      995    4.72      36.2     4.0      9.13    2.61   2.2e+13    71.4    1006   984
    20  b05     1017    4.93      36.0     3.7      9.60    2.33   1.9e+13    63.2    1028  1006
    20  b06     1040    5.15      35.8     3.5     10.09    2.09   1.7e+13    55.9    1051  1028
    20  b07     1062    5.37      35.6     3.4     10.61    1.86   1.5e+13    49.5    1074  1051
    20  b08     1086    5.61      35.3     3.2     11.15    1.66   1.4e+13    43.8    1098  1074
    20  b09     1110    5.86      35.1     3.0     11.72    1.49   1.2e+13    38.8    1122  1098
    20  b10     1134    6.13      34.8     2.8     12.31    1.33   1.1e+13    34.4    1147  1122
    20  b11     1159    6.40      34.5     2.7     12.92    1.18   9.8e+12    30.5    1172  1147
    20  b12     1185    6.69      34.2     2.5     13.56    1.06   8.8e+12    27.0    1198  1172
    20  b13     1211    6.98      33.9     2.4     14.22    0.94   7.8e+12    24.0    1224  1198
    20  b14     1238    7.29      33.6     2.3     14.91    0.84   7.0e+12    21.3    1251  1224
    20  b15     1265    7.62      33.2     2.1     15.62    0.75   6.2e+12    19.0    1279  1251
    20  b16     1293    7.96      32.9     2.0     16.35    0.67   5.6e+12    16.9    1307  1279
    20  b17     1322    8.32      32.5     1.9     17.11    0.60   5.0e+12    15.1    1336  1307
    20  b18     1351    8.69      32.1     1.8     17.88    0.53   4.4e+12    13.4    1365  1336
    20  b19     1380    9.07      31.7     1.7     18.68    0.48   4.0e+12    12.0    1396  1365
    20  b20     1411    9.48      31.3     1.6     19.49    0.43   3.5e+12    10.8    1426  1396
    20  b21     1442    9.90      30.9     1.5     20.31    0.38   3.2e+12     9.7    1458  1426
    20  b22     1474   10.34      30.4     1.4     21.15    0.34   2.8e+12     8.8    1490  1458
    20  b23     1506   10.80      30.0     1.4     22.00    0.31   2.6e+12     7.9    1523  1490
    20  b24     1540   11.29      29.6     1.3     22.85    0.28   2.3e+12     7.2    1556  1523
    20  b25     1574   11.79      29.1     1.2     23.71    0.25   2.1e+12     6.6    1591  1556
    20  b26     1608   12.31      28.7     1.2     24.55    0.23   1.9e+12     6.0    1626  1591
    20  b27     1644   12.86      28.2     1.1     25.39    0.20   1.7e+12     5.5    1662  1626
    20  b28     1680   13.44      27.7     1.1     26.21    0.19   1.5e+12     5.1    1698  1662
    20  b29     1717   14.04      27.3     1.0     27.01    0.17   1.4e+12     4.7    1736  1698
    20  b30     1755   14.66      26.8     1.0     27.78    0.15   1.3e+12     4.4    1774  1736
    20  b31     1794   15.32      26.3     0.9     28.51    0.14   1.2e+12     4.1    1813  1774
    20  b32     1833   16.00      25.8     0.9     29.19    0.13   1.1e+12     3.9    1853  1813
    20  b33     1874   16.71      25.4     0.9     29.81    0.12   9.9e+11     3.7    1894  1853
    20  b34     1915   17.46      24.9     0.8     30.36    0.11   9.2e+11     3.6    1936  1894
    20  b35     1957   18.24      24.4     0.8     30.84    0.10   8.6e+11     3.4    1979  1936
    20  b36     2000   19.05      23.9     0.8     31.22    0.10   8.0e+11     3.4    2022  1979
    20  b37     2045   19.90      23.4     0.7     31.51    0.09   7.6e+11     3.3    2067  2022
    20  b38     2090   20.79      22.9     0.7     31.69    0.09   7.2e+11     3.3    2112  2067
    20  b39     2136   21.72      22.4     0.7     31.74    0.08   6.8e+11     3.3    2159  2112
    20  b40     2183   22.69      21.9     0.7     31.67    0.08   6.6e+11     3.3    2207  2159
    20  b41     2231   23.70      21.4     0.7     31.45    0.08   6.4e+11     3.4    2255  2207
    20  b42     2280   24.75      20.9     0.7     31.10    0.07   6.2e+11     3.6    2305  2255
    20  b43     2330   25.86      20.4     0.7     30.58    0.07   6.1e+11     3.8    2356  2305
    20  b44     2382   27.01      19.8     0.7     29.92    0.07   6.1e+11     4.0    2408  2356
    20  b45     2434   28.22      19.3     0.7     29.09    0.07   6.1e+11     4.4    2461  2408
    20  b46     2488   29.48      18.8     0.7     28.11    0.07   6.1e+11     4.8    2515  2461
    20  b47     2543   30.79      18.2     0.7     26.97    0.08   6.3e+11     5.4    2571  2515
    20  b48     2599   32.16      17.7     0.7     25.69    0.08   6.5e+11     6.2    2627  2571
    21  b00      912    3.96      37.6     4.7      8.05    3.62   3.0e+13    99.8     922   902
    21  b01      932    4.14      37.6     4.4      8.60    3.18   2.6e+13    85.8     942   922
    21  b02      953    4.32      37.5     4.1      9.07    2.84   2.4e+13    75.4     963   942
    21  b03      974    4.51      37.3     3.9      9.56    2.53   2.1e+13    66.3     984   963
    21  b04      995    4.72      37.2     3.7     10.08    2.26   1.9e+13    58.3    1006   984
    21  b05     1017    4.93      37.0     3.5     10.63    2.01   1.7e+13    51.2    1028  1006
    21  b06     1040    5.15      36.8     3.3     11.20    1.79   1.5e+13    45.0    1051  1028
    21  b07     1062    5.37      36.6     3.1     11.81    1.59   1.3e+13    39.5    1074  1051
    21  b08     1086    5.61      36.3     2.9     12.44    1.42   1.2e+13    34.7    1098  1074
    21  b09     1110    5.86      36.1     2.8     13.10    1.26   1.0e+13    30.5    1122  1098
    21  b10     1134    6.13      35.8     2.6     13.78    1.12   9.3e+12    26.8    1147  1122
    21  b11     1159    6.40      35.5     2.4     14.50    0.99   8.2e+12    23.6    1172  1147
    21  b12     1185    6.69      35.1     2.3     15.25    0.88   7.3e+12    20.8    1198  1172
    21  b13     1211    6.98      34.8     2.2     16.04    0.78   6.5e+12    18.3    1224  1198
    21  b14     1238    7.29      34.5     2.0     16.85    0.69   5.8e+12    16.2    1251  1224
    21  b15     1265    7.62      34.1     1.9     17.69    0.62   5.1e+12    14.3    1279  1251
    21  b16     1293    7.96      33.7     1.8     18.57    0.55   4.5e+12    12.6    1307  1279
    21  b17     1322    8.32      33.3     1.7     19.47    0.49   4.0e+12    11.2    1336  1307
    21  b18     1351    8.69      32.9     1.6     20.40    0.43   3.6e+12    10.0    1365  1336
    21  b19     1380    9.07      32.5     1.5     21.36    0.38   3.2e+12     8.9    1396  1365
    21  b20     1411    9.48      32.0     1.4     22.35    0.34   2.8e+12     7.9    1426  1396
    21  b21     1442    9.90      31.6     1.4     23.36    0.30   2.5e+12     7.1    1458  1426
    21  b22     1474   10.34      31.2     1.3     24.38    0.27   2.2e+12     6.4    1490  1458
    21  b23     1506   10.80      30.7     1.2     25.43    0.24   2.0e+12     5.8    1523  1490
    21  b24     1540   11.29      30.2     1.1     26.49    0.22   1.8e+12     5.2    1556  1523
    21  b25     1574   11.79      29.8     1.1     27.56    0.19   1.6e+12     4.7    1591  1556
    21  b26     1608   12.31      29.3     1.0     28.63    0.17   1.4e+12     4.3    1626  1591
    21  b27     1644   12.86      28.8     1.0     29.69    0.16   1.3e+12     4.0    1662  1626
    21  b28     1680   13.44      28.3     0.9     30.75    0.14   1.2e+12     3.7    1698  1662
    21  b29     1717   14.04      27.8     0.9     31.78    0.13   1.1e+12     3.4    1736  1698
    21  b30     1755   14.66      27.3     0.8     32.79    0.12   9.5e+11     3.2    1774  1736
    21  b31     1794   15.32      26.8     0.8     33.76    0.10   8.7e+11     3.0    1813  1774
    21  b32     1833   16.00      26.3     0.8     34.68    0.10   7.9e+11     2.8    1853  1813
    21  b33     1874   16.71      25.8     0.7     35.54    0.09   7.2e+11     2.7    1894  1853
    21  b34     1915   17.46      25.3     0.7     36.33    0.08   6.7e+11     2.6    1936  1894
    21  b35     1957   18.24      24.8     0.7     37.04    0.07   6.2e+11     2.5    1979  1936
    21  b36     2000   19.05      24.3     0.6     37.64    0.07   5.7e+11     2.5    2022  1979
    21  b37     2045   19.90      23.8     0.6     38.13    0.06   5.3e+11     2.4    2067  2022
    21  b38     2090   20.79      23.3     0.6     38.49    0.06   5.0e+11     2.5    2112  2067
    21  b39     2136   21.72      22.7     0.6     38.71    0.06   4.7e+11     2.5    2159  2112
    21  b40     2183   22.69      22.2     0.6     38.78    0.05   4.5e+11     2.6    2207  2159
    21  b41     2231   23.70      21.7     0.6     38.67    0.05   4.3e+11     2.7    2255  2207
    21  b42     2280   24.75      21.2     0.6     38.39    0.05   4.2e+11     2.8    2305  2255
    21  b43     2330   25.86      20.6     0.5     37.92    0.05   4.1e+11     3.0    2356  2305
    21  b44     2382   27.01      20.1     0.5     37.25    0.05   4.0e+11     3.3    2408  2356
    21  b45     2434   28.22      19.5     0.5     36.37    0.05   4.0e+11     3.6    2461  2408
    21  b46     2488   29.48      19.0     0.5     35.29    0.05   4.0e+11     4.1    2515  2461
    21  b47     2543   30.79      18.4     0.5     34.00    0.05   4.0e+11     4.7    2571  2515
    21  b48     2599   32.16      17.8     0.5     32.52    0.05   4.1e+11     5.5    2627  2571
    22  b00      912    3.96      38.2     4.4      8.65    3.23   2.7e+13    89.8     922   902
    22  b01      932    4.14      38.2     4.1      9.26    2.83   2.3e+13    77.0     942   922
    22  b02      953    4.32      38.1     3.9      9.78    2.52   2.1e+13    67.5     963   942
    22  b03      974    4.51      37.9     3.7     10.32    2.24   1.9e+13    59.2     984   963
    22  b04      995    4.72      37.8     3.5     10.90    1.99   1.7e+13    51.9    1006   984
    22  b05     1017    4.93      37.6     3.3     11.50    1.77   1.5e+13    45.5    1028  1006
    22  b06     1040    5.15      37.3     3.1     12.14    1.57   1.3e+13    39.8    1051  1028
    22  b07     1062    5.37      37.1     2.9     12.80    1.39   1.2e+13    34.9    1074  1051
    22  b08     1086    5.61      36.8     2.7     13.50    1.24   1.0e+13    30.6    1098  1074
    22  b09     1110    5.86      36.6     2.6     14.23    1.09   9.1e+12    26.8    1122  1098
    22  b10     1134    6.13      36.3     2.4     15.00    0.97   8.0e+12    23.5    1147  1122
    22  b11     1159    6.40      35.9     2.3     15.80    0.86   7.1e+12    20.7    1172  1147
    22  b12     1185    6.69      35.6     2.1     16.64    0.76   6.3e+12    18.1    1198  1172
    22  b13     1211    6.98      35.3     2.0     17.51    0.67   5.6e+12    15.9    1224  1198
    22  b14     1238    7.29      34.9     1.9     18.42    0.60   4.9e+12    14.0    1251  1224
    22  b15     1265    7.62      34.5     1.8     19.36    0.53   4.4e+12    12.4    1279  1251
    22  b16     1293    7.96      34.1     1.7     20.34    0.47   3.9e+12    10.9    1307  1279
    22  b17     1322    8.32      33.7     1.6     21.35    0.41   3.4e+12     9.7    1336  1307
    22  b18     1351    8.69      33.3     1.5     22.40    0.37   3.0e+12     8.6    1365  1336
    22  b19     1380    9.07      32.8     1.4     23.48    0.32   2.7e+12     7.6    1396  1365
    22  b20     1411    9.48      32.4     1.3     24.59    0.29   2.4e+12     6.8    1426  1396
    22  b21     1442    9.90      32.0     1.2     25.73    0.26   2.1e+12     6.1    1458  1426
    22  b22     1474   10.34      31.5     1.2     26.89    0.23   1.9e+12     5.4    1490  1458
    22  b23     1506   10.80      31.0     1.1     28.08    0.20   1.7e+12     4.9    1523  1490
    22  b24     1540   11.29      30.5     1.0     29.27    0.18   1.5e+12     4.4    1556  1523
    22  b25     1574   11.79      30.1     1.0     30.48    0.16   1.3e+12     4.0    1591  1556
    22  b26     1608   12.31      29.6     0.9     31.70    0.14   1.2e+12     3.6    1626  1591
    22  b27     1644   12.86      29.1     0.9     32.91    0.13   1.1e+12     3.3    1662  1626
    22  b28     1680   13.44      28.6     0.8     34.11    0.12   9.7e+11     3.1    1698  1662
    22  b29     1717   14.04      28.1     0.8     35.29    0.11   8.7e+11     2.8    1736  1698
    22  b30     1755   14.66      27.6     0.8     36.44    0.10   7.9e+11     2.6    1774  1736
    22  b31     1794   15.32      27.1     0.7     37.55    0.09   7.1e+11     2.5    1813  1774
    22  b32     1833   16.00      26.6     0.7     38.61    0.08   6.5e+11     2.3    1853  1813
    22  b33     1874   16.71      26.1     0.7     39.59    0.07   6.0e+11     2.2    1894  1853
    22  b34     1915   17.46      25.5     0.6     40.50    0.07   5.5e+11     2.1    1936  1894
    22  b35     1957   18.24      25.0     0.6     41.31    0.06   5.0e+11     2.1    1979  1936
    22  b36     2000   19.05      24.5     0.6     42.01    0.06   4.7e+11     2.0    2022  1979
    22  b37     2045   19.90      24.0     0.6     42.57    0.05   4.4e+11     2.0    2067  2022
    22  b38     2090   20.79      23.5     0.5     43.00    0.05   4.1e+11     2.0    2112  2067
    22  b39     2136   21.72      23.0     0.5     43.26    0.05   3.9e+11     2.0    2159  2112
    22  b40     2183   22.69      22.4     0.5     43.34    0.04   3.7e+11     2.1    2207  2159
    22  b41     2231   23.70      21.9     0.5     43.23    0.04   3.5e+11     2.2    2255  2207
    22  b42     2280   24.75      21.4     0.5     42.92    0.04   3.4e+11     2.3    2305  2255
    22  b43     2330   25.86      20.8     0.5     42.39    0.04   3.3e+11     2.5    2356  2305
    22  b44     2382   27.01      20.3     0.5     41.64    0.04   3.3e+11     2.7    2408  2356
    22  b45     2434   28.22      19.8     0.5     40.65    0.04   3.2e+11     3.0    2461  2408
    22  b46     2488   29.48      19.2     0.5     39.44    0.04   3.3e+11     3.3    2515  2461
    22  b47     2543   30.79      18.6     0.5     37.99    0.04   3.3e+11     3.8    2571  2515
    22  b48     2599   32.16      18.1     0.5     36.31    0.04   3.4e+11     4.5    2627  2571
    23  b00      912    3.96      38.7     4.2      9.15    2.97   2.5e+13    81.3     922   902
    23  b01      932    4.14      38.8     4.0      9.79    2.60   2.2e+13    69.4     942   922
    23  b02      953    4.32      38.6     3.7     10.33    2.32   1.9e+13    60.7     963   942
    23  b03      974    4.51      38.5     3.5     10.90    2.07   1.7e+13    53.0     984   963
    23  b04      995    4.72      38.3     3.3     11.51    1.84   1.5e+13    46.3    1006   984
    23  b05     1017    4.93      38.1     3.1     12.14    1.63   1.4e+13    40.4    1028  1006
    23  b06     1040    5.15      37.9     3.0     12.80    1.45   1.2e+13    35.3    1051  1028
    23  b07     1062    5.37      37.6     2.8     13.50    1.29   1.1e+13    30.8    1074  1051
    23  b08     1086    5.61      37.4     2.6     14.23    1.14   9.5e+12    26.9    1098  1074
    23  b09     1110    5.86      37.1     2.5     14.99    1.01   8.4e+12    23.5    1122  1098
    23  b10     1134    6.13      36.8     2.3     15.79    0.90   7.4e+12    20.6    1147  1122
    23  b11     1159    6.40      36.4     2.2     16.63    0.80   6.6e+12    18.0    1172  1147
    23  b12     1185    6.69      36.1     2.1     17.49    0.71   5.8e+12    15.8    1198  1172
    23  b13     1211    6.98      35.7     1.9     18.40    0.62   5.2e+12    13.8    1224  1198
    23  b14     1238    7.29      35.3     1.8     19.34    0.55   4.6e+12    12.1    1251  1224
    23  b15     1265    7.62      34.9     1.7     20.32    0.49   4.1e+12    10.7    1279  1251
    23  b16     1293    7.96      34.5     1.6     21.34    0.43   3.6e+12     9.4    1307  1279
    23  b17     1322    8.32      34.1     1.5     22.38    0.39   3.2e+12     8.3    1336  1307
    23  b18     1351    8.69      33.7     1.4     23.47    0.34   2.8e+12     7.3    1365  1336
    23  b19     1380    9.07      33.2     1.4     24.58    0.30   2.5e+12     6.5    1396  1365
    23  b20     1411    9.48      32.8     1.3     25.73    0.27   2.2e+12     5.8    1426  1396
    23  b21     1442    9.90      32.3     1.2     26.90    0.24   2.0e+12     5.1    1458  1426
    23  b22     1474   10.34      31.8     1.1     28.10    0.21   1.8e+12     4.6    1490  1458
    23  b23     1506   10.80      31.3     1.1     29.31    0.19   1.6e+12     4.1    1523  1490
    23  b24     1540   11.29      30.9     1.0     30.54    0.17   1.4e+12     3.7    1556  1523
    23  b25     1574   11.79      30.4     1.0     31.78    0.15   1.3e+12     3.4    1591  1556
    23  b26     1608   12.31      29.9     0.9     33.03    0.14   1.1e+12     3.1    1626  1591
    23  b27     1644   12.86      29.4     0.9     34.26    0.12   1.0e+12     2.8    1662  1626
    23  b28     1680   13.44      28.9     0.8     35.49    0.11   9.1e+11     2.6    1698  1662
    23  b29     1717   14.04      28.3     0.8     36.69    0.10   8.2e+11     2.4    1736  1698
    23  b30     1755   14.66      27.8     0.7     37.86    0.09   7.4e+11     2.2    1774  1736
    23  b31     1794   15.32      27.3     0.7     38.99    0.08   6.7e+11     2.1    1813  1774
    23  b32     1833   16.00      26.8     0.7     40.05    0.07   6.2e+11     2.0    1853  1813
    23  b33     1874   16.71      26.3     0.6     41.05    0.07   5.6e+11     1.9    1894  1853
    23  b34     1915   17.46      25.8     0.6     41.96    0.06   5.2e+11     1.8    1936  1894
    23  b35     1957   18.24      25.2     0.6     42.77    0.06   4.8e+11     1.7    1979  1936
    23  b36     2000   19.05      24.7     0.6     43.46    0.05   4.4e+11     1.7    2022  1979
    23  b37     2045   19.90      24.2     0.5     44.01    0.05   4.2e+11     1.7    2067  2022
    23  b38     2090   20.79      23.7     0.5     44.42    0.05   3.9e+11     1.7    2112  2067
    23  b39     2136   21.72      23.1     0.5     44.66    0.04   3.7e+11     1.7    2159  2112
    23  b40     2183   22.69      22.6     0.5     44.71    0.04   3.5e+11     1.8    2207  2159
    23  b41     2231   23.70      22.1     0.5     44.57    0.04   3.4e+11     1.9    2255  2207
    23  b42     2280   24.75      21.5     0.5     44.22    0.04   3.3e+11     2.0    2305  2255
    23  b43     2330   25.86      21.0     0.5     43.64    0.04   3.2e+11     2.1    2356  2305
    23  b44     2382   27.01      20.5     0.5     42.83    0.04   3.1e+11     2.3    2408  2356
    23  b45     2434   28.22      19.9     0.5     41.79    0.04   3.1e+11     2.6    2461  2408
    23  b46     2488   29.48      19.3     0.5     40.50    0.04   3.1e+11     2.9    2515  2461
    23  b47     2543   30.79      18.8     0.5     38.98    0.04   3.2e+11     3.4    2571  2515
    23  b48     2599   32.16      18.2     0.5     37.23    0.04   3.3e+11     4.0    2627  2571
    24  b02      953    4.32      38.9     3.6     10.88    2.12   1.8e+13    57.5     963   942
    24  b03      974    4.51      38.7     3.4     11.43    1.91   1.6e+13    50.4     984   963
    24  b04      995    4.72      38.5     3.2     12.00    1.71   1.4e+13    44.2    1006   984
    24  b05     1017    4.93      38.3     3.0     12.59    1.54   1.3e+13    38.7    1028  1006
    24  b06     1040    5.15      38.0     2.9     13.21    1.38   1.1e+13    33.9    1051  1028
    24  b07     1062    5.37      37.8     2.7     13.85    1.23   1.0e+13    29.7    1074  1051
    24  b08     1086    5.61      37.5     2.6     14.52    1.11   9.2e+12    26.0    1098  1074
    24  b09     1110    5.86      37.2     2.4     15.21    0.99   8.2e+12    22.8    1122  1098
    24  b10     1134    6.13      36.9     2.3     15.93    0.89   7.4e+12    20.0    1147  1122
    24  b11     1159    6.40      36.5     2.2     16.68    0.79   6.6e+12    17.6    1172  1147
    24  b12     1185    6.69      36.1     2.1     17.45    0.71   5.9e+12    15.4    1198  1172
    24  b13     1211    6.98      35.8     2.0     18.25    0.64   5.3e+12    13.6    1224  1198
    24  b14     1238    7.29      35.4     1.9     19.08    0.57   4.7e+12    11.9    1251  1224
    24  b15     1265    7.62      35.0     1.8     19.92    0.51   4.2e+12    10.5    1279  1251
    24  b16     1293    7.96      34.5     1.7     20.79    0.46   3.8e+12     9.3    1307  1279
    24  b17     1322    8.32      34.1     1.6     21.69    0.41   3.4e+12     8.2    1336  1307
    24  b18     1351    8.69      33.7     1.5     22.60    0.37   3.1e+12     7.3    1365  1336
    24  b19     1380    9.07      33.2     1.4     23.53    0.33   2.7e+12     6.5    1396  1365
    24  b20     1411    9.48      32.7     1.3     24.47    0.30   2.5e+12     5.8    1426  1396
    24  b21     1442    9.90      32.3     1.3     25.43    0.27   2.2e+12     5.2    1458  1426
    24  b22     1474   10.34      31.8     1.2     26.39    0.24   2.0e+12     4.7    1490  1458
    24  b23     1506   10.80      31.3     1.1     27.35    0.22   1.8e+12     4.2    1523  1490
    24  b24     1540   11.29      30.8     1.1     28.32    0.20   1.6e+12     3.8    1556  1523
    24  b25     1574   11.79      30.3     1.0     29.28    0.18   1.5e+12     3.5    1591  1556
    24  b26     1608   12.31      29.8     1.0     30.22    0.16   1.3e+12     3.2    1626  1591
    24  b27     1644   12.86      29.3     0.9     31.15    0.15   1.2e+12     2.9    1662  1626
    24  b28     1680   13.44      28.8     0.9     32.05    0.13   1.1e+12     2.7    1698  1662
    24  b29     1717   14.04      28.3     0.9     32.91    0.12   1.0e+12     2.5    1736  1698
    24  b30     1755   14.66      27.8     0.8     33.73    0.11   9.3e+11     2.3    1774  1736
    24  b31     1794   15.32      27.2     0.8     34.49    0.10   8.6e+11     2.2    1813  1774
    24  b32     1833   16.00      26.7     0.8     35.18    0.10   7.9e+11     2.1    1853  1813
    24  b33     1874   16.71      26.2     0.7     35.80    0.09   7.4e+11     2.0    1894  1853
    24  b34     1915   17.46      25.7     0.7     36.34    0.08   6.9e+11     1.9    1936  1894
    24  b35     1957   18.24      25.1     0.7     36.77    0.08   6.4e+11     1.9    1979  1936
    24  b36     2000   19.05      24.6     0.7     37.09    0.07   6.1e+11     1.9    2022  1979
    24  b37     2045   19.90      24.1     0.6     37.29    0.07   5.7e+11     1.9    2067  2022
    24  b38     2090   20.79      23.6     0.6     37.36    0.07   5.5e+11     1.9    2112  2067
    24  b39     2136   21.72      23.0     0.6     37.28    0.06   5.2e+11     1.9    2159  2112
    24  b40     2183   22.69      22.5     0.6     37.04    0.06   5.1e+11     2.0    2207  2159
    24  b41     2231   23.70      21.9     0.6     36.64    0.06   4.9e+11     2.1    2255  2207
    24  b42     2280   24.75      21.4     0.6     36.07    0.06   4.8e+11     2.2    2305  2255
    24  b43     2330   25.86      20.9     0.6     35.33    0.06   4.8e+11     2.4    2356  2305
    24  b44     2382   27.01      20.3     0.6     34.40    0.06   4.8e+11     2.7    2408  2356
    24  b45     2434   28.22      19.7     0.6     33.30    0.06   4.8e+11     3.0    2461  2408
    24  b46     2488   29.48      19.2     0.6     32.02    0.06   4.9e+11     3.4    2515  2461
    24  b47     2543   30.79      18.6     0.6     30.56    0.06   5.1e+11     4.0    2571  2515
    24  b48     2599   32.16      18.0     0.6     28.95    0.06   5.3e+11     4.8    2627  2571
#390528 0
