#layer ring center[mm] area[cm2] mipsig sipm_noise   S/N power[mW] fluence dose[kRad] outer inner sipm_area
 9      f08     1387    5.86      61.5     9.8      6.27   15.96   6.6e+13   204.2    1399  1374     4.0
 9      f09     1411    6.07      61.6     9.4      6.55   14.67   6.1e+13   189.6    1423  1399     4.0
 9      f10     1436    6.28      61.6     9.0      6.84   13.46   5.6e+13   176.1    1448  1423     4.0
 9      f11     1461    6.50      30.8     6.1      5.05    6.17   5.1e+13   163.7    1474  1448     2.0
 9      f12     1487    6.73      30.8     5.8      5.27    5.65   4.7e+13   152.1    1500  1474     2.0
 9      f13     1513    6.97      30.7     5.6      5.50    5.16   4.3e+13   141.5    1526  1500     2.0
 9      f14     1540    7.22      30.6     5.3      5.75    4.71   3.9e+13   131.6    1553  1526     2.0
 9      f15     1567    7.48      30.5     5.1      6.00    4.30   3.6e+13   122.5    1580  1553     2.0
 9      f16     1594    7.74      30.4     4.9      6.27    3.91   3.2e+13   114.1    1608  1580     2.0
 9      f17     1622    8.02      30.3     4.6      6.55    3.56   2.9e+13   106.4    1637  1608     2.0
 9      f18     1651    8.30      30.2     4.4      6.84    3.23   2.7e+13    99.3    1665  1637     2.0
 9      f19     1680    8.60      30.0     4.2      7.14    2.92   2.4e+13    92.7    1695  1665     2.0
 9      f20     1710    8.90      29.8     4.0      7.46    2.65   2.2e+13    86.7    1724  1695     2.0
 9      f21     1740    9.22      29.6     3.8      7.80    2.39   2.0e+13    81.1    1755  1724     2.0
 9      f22     1770    9.55      29.4     3.6      8.16    2.16   1.8e+13    76.0    1786  1755     2.0
 9      f23     1801    9.89      29.2     3.4      8.53    1.94   1.6e+13    71.3    1817  1786     2.0
 9      f24     1833   10.24      28.9     3.2      8.92    1.75   1.4e+13    67.0    1849  1817     2.0
 9      f25     1865   10.60      28.7     3.1      9.33    1.57   1.3e+13    63.0    1882  1849     2.0
 9      f26     1898   10.98      28.4     2.9      9.77    1.41   1.2e+13    59.4    1915  1882     2.0
10      f05     1316    5.27      64.1    10.3      6.22   17.62   7.3e+13   213.0    1327  1304     4.0
10      f06     1339    5.46      64.2     9.9      6.48   16.27   6.7e+13   197.8    1351  1327     4.0
10      f07     1363    5.66      64.2     9.5      6.75   15.01   6.2e+13   183.7    1374  1351     4.0
10      f08     1387    5.86      64.2     9.1      7.04   13.83   5.7e+13   170.7    1399  1374     4.0
10      f09     1411    6.07      32.1     6.2      5.18    6.37   5.3e+13   158.7    1423  1399     2.0
10      f10     1436    6.28      32.1     5.9      5.40    5.85   4.9e+13   147.6    1448  1423     2.0
10      f11     1461    6.50      32.0     5.7      5.62    5.38   4.5e+13   137.3    1474  1448     2.0
10      f12     1487    6.73      31.9     5.5      5.85    4.93   4.1e+13   127.9    1500  1474     2.0
10      f13     1513    6.97      31.8     5.2      6.09    4.52   3.7e+13   119.1    1526  1500     2.0
10      f14     1540    7.22      31.7     5.0      6.34    4.13   3.4e+13   111.1    1553  1526     2.0
10      f15     1567    7.48      31.5     4.8      6.61    3.78   3.1e+13   103.7    1580  1553     2.0
10      f16     1594    7.74      31.4     4.6      6.88    3.45   2.9e+13    96.8    1608  1580     2.0
10      f17     1622    8.02      31.2     4.4      7.16    3.15   2.6e+13    90.5    1637  1608     2.0
10      f18     1651    8.30      31.0     4.2      7.46    2.86   2.4e+13    84.7    1665  1637     2.0
10      f19     1680    8.60      30.8     4.0      7.77    2.61   2.2e+13    79.4    1695  1665     2.0
10      f20     1710    8.90      30.5     3.8      8.09    2.37   2.0e+13    74.5    1724  1695     2.0
10      f21     1740    9.22      30.3     3.6      8.42    2.15   1.8e+13    70.0    1755  1724     2.0
10      f22     1770    9.55      30.0     3.4      8.77    1.95   1.6e+13    65.9    1786  1755     2.0
10      f23     1801    9.89      29.8     3.3      9.14    1.76   1.5e+13    62.1    1817  1786     2.0
10      f24     1833   10.24      29.5     3.1      9.52    1.59   1.3e+13    58.7    1849  1817     2.0
10      f25     1865   10.60      29.2     2.9      9.93    1.44   1.2e+13    55.5    1882  1849     2.0
10      f26     1898   10.98      28.9     2.8     10.34    1.30   1.1e+13    52.6    1915  1882     2.0
10      f27     1932   11.37      28.6     2.7     10.78    1.17   9.7e+12    50.0    1949  1915     2.0
10      f28     1966   11.77      28.3     2.5     11.24    1.05   8.7e+12    47.7    1983  1949     2.0
11      f00     1206    4.43      65.8    11.6      5.69   22.20   9.2e+13   264.9    1216  1195     4.0
11      f01     1227    4.59      66.1    11.1      5.93   20.63   8.5e+13   245.6    1238  1216     4.0
11      f02     1249    4.75      66.3    10.7      6.17   19.15   7.9e+13   227.8    1260  1238     4.0
11      f03     1271    4.92      66.5    10.3      6.43   17.76   7.4e+13   211.3    1282  1260     4.0
11      f04     1293    5.09      66.6    10.0      6.69   16.46   6.8e+13   195.9    1304  1282     4.0
11      f05     1316    5.27      66.7     9.6      6.96   15.24   6.3e+13   181.7    1327  1304     4.0
11      f06     1339    5.46      33.4     6.5      5.12    7.05   5.8e+13   168.6    1351  1327     2.0
11      f07     1363    5.66      33.3     6.3      5.32    6.51   5.4e+13   156.4    1374  1351     2.0
11      f08     1387    5.86      33.3     6.0      5.54    6.01   5.0e+13   145.2    1399  1374     2.0
11      f09     1411    6.07      33.3     5.8      5.76    5.54   4.6e+13   134.8    1423  1399     2.0
11      f10     1436    6.28      33.2     5.5      5.98    5.10   4.2e+13   125.2    1448  1423     2.0
11      f11     1461    6.50      33.1     5.3      6.22    4.70   3.9e+13   116.4    1474  1448     2.0
11      f12     1487    6.73      33.0     5.1      6.46    4.32   3.6e+13   108.2    1500  1474     2.0
11      f13     1513    6.97      32.8     4.9      6.71    3.97   3.3e+13   100.7    1526  1500     2.0
11      f14     1540    7.22      32.7     4.7      6.97    3.64   3.0e+13    93.7    1553  1526     2.0
11      f15     1567    7.48      32.5     4.5      7.24    3.34   2.8e+13    87.3    1580  1553     2.0
11      f16     1594    7.74      32.3     4.3      7.52    3.06   2.5e+13    81.4    1608  1580     2.0
11      f17     1622    8.02      32.1     4.1      7.82    2.80   2.3e+13    76.0    1637  1608     2.0
11      f18     1651    8.30      31.9     3.9      8.12    2.56   2.1e+13    71.0    1665  1637     2.0
11      f19     1680    8.60      31.6     3.8      8.43    2.34   1.9e+13    66.4    1695  1665     2.0
11      f20     1710    8.90      31.4     3.6      8.75    2.13   1.8e+13    62.2    1724  1695     2.0
11      f21     1740    9.22      31.1     3.4      9.09    1.94   1.6e+13    58.4    1755  1724     2.0
11      f22     1770    9.55      30.8     3.3      9.44    1.77   1.5e+13    54.8    1786  1755     2.0
11      f23     1801    9.89      30.5     3.1      9.81    1.61   1.3e+13    51.6    1817  1786     2.0
11      f24     1833   10.24      30.2     3.0     10.18    1.46   1.2e+13    48.6    1849  1817     2.0
11      f25     1865   10.60      29.9     2.8     10.58    1.33   1.1e+13    45.9    1882  1849     2.0
11      f26     1898   10.98      29.6     2.7     10.98    1.21   1.0e+13    43.4    1915  1882     2.0
11      f27     1932   11.37      29.3     2.6     11.41    1.09   9.1e+12    41.2    1949  1915     2.0
11      f28     1966   11.77      28.9     2.4     11.85    0.99   8.2e+12    39.1    1983  1949     2.0
11      f29     2000   12.19      28.6     2.3     12.31    0.90   7.4e+12    37.3    2018  1983     2.0
12      f00     1206    4.43      69.2    10.7      6.47   19.00   7.9e+13   221.4    1216  1195     4.0
12      f01     1227    4.59      69.3    10.3      6.72   17.65   7.3e+13   205.6    1238  1216     4.0
12      f02     1249    4.75      69.4     9.9      6.98   16.39   6.8e+13   191.1    1260  1238     4.0
12      f03     1271    4.92      34.7     6.8      5.13    7.61   6.3e+13   177.6    1282  1260     2.0
12      f04     1293    5.09      34.7     6.5      5.33    7.05   5.8e+13   165.1    1304  1282     2.0
12      f05     1316    5.27      34.7     6.3      5.53    6.53   5.4e+13   153.6    1327  1304     2.0
12      f06     1339    5.46      34.6     6.0      5.74    6.04   5.0e+13   142.9    1351  1327     2.0
12      f07     1363    5.66      34.5     5.8      5.95    5.59   4.6e+13   133.1    1374  1351     2.0
12      f08     1387    5.86      34.4     5.6      6.17    5.16   4.3e+13   124.0    1399  1374     2.0
12      f09     1411    6.07      34.3     5.4      6.40    4.77   3.9e+13   115.6    1423  1399     2.0
12      f10     1436    6.28      34.1     5.1      6.63    4.40   3.6e+13   107.9    1448  1423     2.0
12      f11     1461    6.50      34.0     4.9      6.88    4.05   3.4e+13   100.8    1474  1448     2.0
12      f12     1487    6.73      33.8     4.7      7.13    3.73   3.1e+13    94.3    1500  1474     2.0
12      f13     1513    6.97      33.6     4.5      7.38    3.43   2.8e+13    88.3    1526  1500     2.0
12      f14     1540    7.22      33.4     4.4      7.65    3.16   2.6e+13    82.7    1553  1526     2.0
12      f15     1567    7.48      33.1     4.2      7.92    2.90   2.4e+13    77.6    1580  1553     2.0
12      f16     1594    7.74      32.9     4.0      8.20    2.66   2.2e+13    72.9    1608  1580     2.0
12      f17     1622    8.02      32.6     3.8      8.50    2.44   2.0e+13    68.7    1637  1608     2.0
12      f18     1651    8.30      32.3     3.7      8.80    2.24   1.9e+13    64.7    1665  1637     2.0
12      f19     1680    8.60      32.0     3.5      9.11    2.05   1.7e+13    61.1    1695  1665     2.0
12      f20     1710    8.90      31.7     3.4      9.43    1.88   1.6e+13    57.9    1724  1695     2.0
12      f21     1740    9.22      31.4     3.2      9.75    1.72   1.4e+13    54.9    1755  1724     2.0
12      f22     1770    9.55      31.0     3.1     10.09    1.57   1.3e+13    52.1    1786  1755     2.0
12      f23     1801    9.89      30.7     2.9     10.44    1.43   1.2e+13    49.7    1817  1786     2.0
12      f24     1833   10.24      30.3     2.8     10.81    1.31   1.1e+13    47.4    1849  1817     2.0
12      f25     1865   10.60      30.0     2.7     11.18    1.19   9.9e+12    45.4    1882  1849     2.0
12      f26     1898   10.98      29.6     2.6     11.56    1.09   9.0e+12    43.6    1915  1882     2.0
12      f27     1932   11.37      29.2     2.4     11.95    0.99   8.2e+12    42.0    1949  1915     2.0
12      f28     1966   11.77      28.8     2.3     12.36    0.90   7.5e+12    40.6    1983  1949     2.0
12      f29     2000   12.19      28.4     2.2     12.78    0.82   6.8e+12    39.3    2018  1983     2.0
12      f30     2036   12.62      28.0     2.1     13.21    0.75   6.2e+12    38.2    2053  2018     2.0
12      f31     2071   13.07      27.6     2.0     13.64    0.68   5.6e+12    37.4    2089  2053     2.0
13      b07     1062    5.37      57.5    11.3      5.07   21.29   8.8e+13   301.5    1074  1051     4.0
13      b08     1086    5.61      57.8    10.9      5.33   19.54   8.1e+13   274.8    1098  1074     4.0
13      b09     1110    5.86      58.1    10.4      5.59   17.93   7.4e+13   250.4    1122  1098     4.0
13      b10     1134    6.13      58.4     9.9      5.87   16.43   6.8e+13   228.0    1147  1122     4.0
13      b11     1159    6.40      58.6     9.5      6.15   15.04   6.2e+13   207.6    1172  1147     4.0
13      b12     1185    6.69      58.7     9.1      6.45   13.75   5.7e+13   188.9    1198  1172     4.0
13      b13     1211    6.98      58.7     8.7      6.75   12.57   5.2e+13   171.9    1224  1198     4.0
13      b14     1238    7.29      58.7     8.3      7.06   11.47   4.8e+13   156.4    1251  1224     4.0
13      b15     1265    7.62      58.7     7.9      7.39   10.46   4.3e+13   142.3    1279  1251     4.0
13      b16     1293    7.96      29.3     5.4      5.46    4.77   4.0e+13   129.4    1307  1279     2.0
13      b17     1322    8.32      29.2     5.1      5.71    4.34   3.6e+13   117.8    1336  1307     2.0
13      b18     1351    8.69      29.1     4.9      5.96    3.95   3.3e+13   107.2    1365  1336     2.0
13      b19     1380    9.07      28.9     4.7      6.22    3.59   3.0e+13    97.6    1396  1365     2.0
13      b20     1411    9.48      28.8     4.4      6.48    3.27   2.7e+13    88.9    1426  1396     2.0
13      b21     1442    9.90      28.6     4.2      6.76    2.97   2.5e+13    81.1    1458  1426     2.0
13      b22     1474   10.34      28.4     4.0      7.04    2.69   2.2e+13    73.9    1490  1458     2.0
13      b23     1506   10.80      28.1     3.8      7.34    2.44   2.0e+13    67.5    1523  1490     2.0
13      b24     1540   11.29      27.9     3.7      7.64    2.22   1.8e+13    61.7    1556  1523     2.0
13      b25     1574   11.79      27.6     3.5      7.94    2.01   1.7e+13    56.5    1591  1556     2.0
13      b26     1608   12.31      27.4     3.3      8.26    1.82   1.5e+13    51.7    1626  1591     2.0
13      b27     1644   12.86      27.1     3.2      8.58    1.65   1.4e+13    47.5    1662  1626     2.0
13      b28     1680   13.44      26.7     3.0      8.91    1.49   1.2e+13    43.7    1698  1662     2.0
13      b29     1717   14.04      26.4     2.9      9.25    1.35   1.1e+13    40.2    1736  1698     2.0
13      b30     1755   14.66      26.1     2.7      9.59    1.23   1.0e+13    37.1    1774  1736     2.0
13      b31     1794   15.32      25.7     2.6      9.94    1.11   9.2e+12    34.3    1813  1774     2.0
13      b32     1833   16.00      25.4     2.5     10.30    1.01   8.3e+12    31.9    1853  1813     2.0
13      b33     1874   16.71      25.0     2.3     10.66    0.91   7.6e+12    29.6    1894  1853     2.0
13      b34     1915   17.46      24.6     2.2     11.03    0.83   6.9e+12    27.7    1936  1894     2.0
13      b35     1957   18.24      24.2     2.1     11.39    0.75   6.2e+12    25.9    1979  1936     2.0
13      b36     2000   19.05      23.8     2.0     11.76    0.68   5.7e+12    24.3    2022  1979     2.0
13      b37     2045   19.90      23.5     1.9     12.13    0.62   5.1e+12    23.0    2067  2022     2.0
13      b38     2090   20.79      23.0     1.8     12.50    0.56   4.7e+12    21.8    2112  2067     2.0
13      b39     2136   21.72      22.6     1.8     12.86    0.51   4.3e+12    20.7    2159  2112     2.0
13      b40     2183   22.69      22.2     1.7     13.23    0.47   3.9e+12    19.8    2207  2159     2.0
14      b07     1062    5.37      61.3     9.6      6.38   15.31   6.3e+13   242.3    1074  1051     4.0
14      b08     1086    5.61      61.6     9.2      6.70   14.01   5.8e+13   220.2    1098  1074     4.0
14      b09     1110    5.86      61.8     8.8      7.03   12.82   5.3e+13   200.1    1122  1098     4.0
14      b10     1134    6.13      30.9     5.9      5.21    5.86   4.9e+13   181.8    1147  1122     2.0
14      b11     1159    6.40      31.0     5.7      5.45    5.35   4.4e+13   165.2    1172  1147     2.0
14      b12     1185    6.69      31.0     5.4      5.70    4.89   4.0e+13   150.1    1198  1172     2.0
14      b13     1211    6.98      30.9     5.2      5.96    4.46   3.7e+13   136.5    1224  1198     2.0
14      b14     1238    7.29      30.8     4.9      6.23    4.06   3.4e+13   124.1    1251  1224     2.0
14      b15     1265    7.62      30.7     4.7      6.51    3.70   3.1e+13   112.9    1279  1251     2.0
14      b16     1293    7.96      30.6     4.5      6.79    3.37   2.8e+13   102.8    1307  1279     2.0
14      b17     1322    8.32      30.4     4.3      7.07    3.07   2.5e+13    93.7    1336  1307     2.0
14      b18     1351    8.69      30.3     4.1      7.37    2.80   2.3e+13    85.5    1365  1336     2.0
14      b19     1380    9.07      30.0     3.9      7.67    2.54   2.1e+13    78.0    1396  1365     2.0
14      b20     1411    9.48      29.8     3.7      7.98    2.32   1.9e+13    71.3    1426  1396     2.0
14      b21     1442    9.90      29.5     3.6      8.29    2.11   1.7e+13    65.3    1458  1426     2.0
14      b22     1474   10.34      29.3     3.4      8.61    1.92   1.6e+13    59.9    1490  1458     2.0
14      b23     1506   10.80      29.0     3.2      8.94    1.74   1.4e+13    55.0    1523  1490     2.0
14      b24     1540   11.29      28.7     3.1      9.27    1.59   1.3e+13    50.6    1556  1523     2.0
14      b25     1574   11.79      28.3     2.9      9.60    1.44   1.2e+13    46.7    1591  1556     2.0
14      b26     1608   12.31      28.0     2.8      9.94    1.31   1.1e+13    43.2    1626  1591     2.0
14      b27     1644   12.86      27.6     2.7     10.28    1.20   9.9e+12    40.0    1662  1626     2.0
14      b28     1680   13.44      27.2     2.6     10.62    1.09   9.0e+12    37.2    1698  1662     2.0
14      b29     1717   14.04      26.8     2.4     10.96    0.99   8.2e+12    34.7    1736  1698     2.0
14      b30     1755   14.66      26.4     2.3     11.30    0.91   7.5e+12    32.5    1774  1736     2.0
14      b31     1794   15.32      26.0     2.2     11.64    0.83   6.9e+12    30.5    1813  1774     2.0
14      b32     1833   16.00      25.6     2.1     11.98    0.76   6.3e+12    28.8    1853  1813     2.0
14      b33     1874   16.71      25.2     2.0     12.31    0.70   5.8e+12    27.3    1894  1853     2.0
14      b34     1915   17.46      24.8     2.0     12.63    0.64   5.3e+12    26.0    1936  1894     2.0
14      b35     1957   18.24      24.3     1.9     12.94    0.59   4.9e+12    24.9    1979  1936     2.0
14      b36     2000   19.05      23.9     1.8     13.23    0.54   4.5e+12    23.9    2022  1979     2.0
14      b37     2045   19.90      23.4     1.7     13.52    0.50   4.1e+12    23.2    2067  2022     2.0
14      b38     2090   20.79      23.0     1.7     13.78    0.46   3.8e+12    22.6    2112  2067     2.0
14      b39     2136   21.72      22.5     1.6     14.02    0.43   3.5e+12    22.1    2159  2112     2.0
14      b40     2183   22.69      22.1     1.5     14.24    0.40   3.3e+12    21.9    2207  2159     2.0
14      b41     2231   23.70      21.6     1.5     14.43    0.37   3.1e+12    21.8    2255  2207     2.0
14      b42     2280   24.75      21.1     1.4     14.58    0.35   2.9e+12    21.9    2305  2255     2.0
15      b01      932    4.14      64.0    10.9      5.89   19.59   8.1e+13   324.3     942   922     4.0
15      b02      953    4.32      64.6    10.4      6.21   17.97   7.4e+13   294.4     963   942     4.0
15      b03      974    4.51      65.1    10.0      6.53   16.47   6.8e+13   267.1     984   963     4.0
15      b04      995    4.72      65.5     9.5      6.87   15.08   6.2e+13   242.3    1006   984     4.0
15      b05     1017    4.93      32.9     6.4      5.10    6.90   5.7e+13   219.6    1028  1006     2.0
15      b06     1040    5.15      33.0     6.2      5.36    6.30   5.2e+13   199.1    1051  1028     2.0
15      b07     1062    5.37      33.1     5.9      5.62    5.76   4.8e+13   180.4    1074  1051     2.0
15      b08     1086    5.61      33.1     5.6      5.89    5.26   4.4e+13   163.4    1098  1074     2.0
15      b09     1110    5.86      33.2     5.4      6.17    4.80   4.0e+13   148.0    1122  1098     2.0
15      b10     1134    6.13      33.1     5.1      6.45    4.37   3.6e+13   134.0    1147  1122     2.0
15      b11     1159    6.40      33.1     4.9      6.75    3.98   3.3e+13   121.4    1172  1147     2.0
15      b12     1185    6.69      33.0     4.7      7.05    3.63   3.0e+13   110.0    1198  1172     2.0
15      b13     1211    6.98      32.9     4.5      7.37    3.30   2.7e+13    99.7    1224  1198     2.0
15      b14     1238    7.29      32.7     4.3      7.69    3.01   2.5e+13    90.4    1251  1224     2.0
15      b15     1265    7.62      32.5     4.1      8.01    2.73   2.3e+13    82.0    1279  1251     2.0
15      b16     1293    7.96      32.3     3.9      8.35    2.49   2.1e+13    74.4    1307  1279     2.0
15      b17     1322    8.32      32.1     3.7      8.69    2.26   1.9e+13    67.6    1336  1307     2.0
15      b18     1351    8.69      31.8     3.5      9.04    2.06   1.7e+13    61.5    1365  1336     2.0
15      b19     1380    9.07      31.5     3.4      9.40    1.87   1.5e+13    56.0    1396  1365     2.0
15      b20     1411    9.48      31.2     3.2      9.76    1.70   1.4e+13    51.0    1426  1396     2.0
15      b21     1442    9.90      30.9     3.1     10.13    1.55   1.3e+13    46.6    1458  1426     2.0
15      b22     1474   10.34      30.6     2.9     10.50    1.41   1.2e+13    42.6    1490  1458     2.0
15      b23     1506   10.80      30.2     2.8     10.88    1.28   1.1e+13    39.0    1523  1490     2.0
15      b24     1540   11.29      29.8     2.6     11.26    1.16   9.7e+12    35.8    1556  1523     2.0
15      b25     1574   11.79      29.5     2.5     11.65    1.06   8.8e+12    33.0    1591  1556     2.0
15      b26     1608   12.31      29.1     2.4     12.03    0.97   8.0e+12    30.4    1626  1591     2.0
15      b27     1644   12.86      28.6     2.3     12.41    0.88   7.3e+12    28.1    1662  1626     2.0
15      b28     1680   13.44      28.2     2.2     12.80    0.81   6.7e+12    26.1    1698  1662     2.0
15      b29     1717   14.04      27.8     2.1     13.17    0.74   6.1e+12    24.3    1736  1698     2.0
15      b30     1755   14.66      27.4     2.0     13.55    0.68   5.6e+12    22.7    1774  1736     2.0
15      b31     1794   15.32      26.9     1.9     13.91    0.62   5.1e+12    21.3    1813  1774     2.0
15      b32     1833   16.00      26.5     1.9     14.26    0.57   4.7e+12    20.0    1853  1813     2.0
15      b33     1874   16.71      26.0     1.8     14.61    0.53   4.4e+12    19.0    1894  1853     2.0
15      b34     1915   17.46      25.5     1.7     14.93    0.49   4.0e+12    18.0    1936  1894     2.0
15      b35     1957   18.24      25.1     1.6     15.24    0.45   3.7e+12    17.2    1979  1936     2.0
15      b36     2000   19.05      24.6     1.6     15.52    0.42   3.5e+12    16.6    2022  1979     2.0
15      b37     2045   19.90      24.1     1.5     15.78    0.39   3.2e+12    16.0    2067  2022     2.0
15      b38     2090   20.79      23.6     1.5     16.01    0.36   3.0e+12    15.6    2112  2067     2.0
15      b39     2136   21.72      23.2     1.4     16.20    0.34   2.8e+12    15.3    2159  2112     2.0
15      b40     2183   22.69      22.7     1.4     16.36    0.32   2.6e+12    15.2    2207  2159     2.0
15      b41     2231   23.70      22.2     1.3     16.47    0.30   2.5e+12    15.1    2255  2207     2.0
15      b42     2280   24.75      21.7     1.3     16.54    0.29   2.4e+12    15.2    2305  2255     2.0
15      b43     2330   25.86      21.2     1.3     16.56    0.27   2.3e+12    15.4    2356  2305     2.0
15      b44     2382   27.01      20.7     1.3     16.53    0.26   2.2e+12    15.8    2408  2356     2.0
16      b01      932    4.14      34.9     6.8      5.12    7.70   6.4e+13   242.8     942   922     2.0
16      b02      953    4.32      35.1     6.5      5.40    7.04   5.8e+13   219.0     963   942     2.0
16      b03      974    4.51      35.3     6.2      5.68    6.42   5.3e+13   197.5     984   963     2.0
16      b04      995    4.72      35.4     5.9      5.97    5.85   4.8e+13   177.9    1006   984     2.0
16      b05     1017    4.93      35.5     5.7      6.27    5.33   4.4e+13   160.3    1028  1006     2.0
16      b06     1040    5.15      35.6     5.4      6.58    4.85   4.0e+13   144.4    1051  1028     2.0
16      b07     1062    5.37      35.6     5.2      6.90    4.42   3.7e+13   130.1    1074  1051     2.0
16      b08     1086    5.61      35.6     4.9      7.23    4.02   3.3e+13   117.2    1098  1074     2.0
16      b09     1110    5.86      35.5     4.7      7.57    3.65   3.0e+13   105.5    1122  1098     2.0
16      b10     1134    6.13      35.4     4.5      7.91    3.32   2.7e+13    95.1    1147  1122     2.0
16      b11     1159    6.40      35.2     4.3      8.27    3.01   2.5e+13    85.7    1172  1147     2.0
16      b12     1185    6.69      35.1     4.1      8.63    2.73   2.3e+13    77.2    1198  1172     2.0
16      b13     1211    6.98      34.8     3.9      9.01    2.48   2.1e+13    69.7    1224  1198     2.0
16      b14     1238    7.29      34.6     3.7      9.39    2.25   1.9e+13    62.9    1251  1224     2.0
16      b15     1265    7.62      34.3     3.5      9.78    2.04   1.7e+13    56.8    1279  1251     2.0
16      b16     1293    7.96      34.1     3.3     10.18    1.86   1.5e+13    51.4    1307  1279     2.0
16      b17     1322    8.32      33.7     3.2     10.59    1.68   1.4e+13    46.5    1336  1307     2.0
16      b18     1351    8.69      33.4     3.0     11.00    1.53   1.3e+13    42.2    1365  1336     2.0
16      b19     1380    9.07      33.0     2.9     11.42    1.39   1.2e+13    38.3    1396  1365     2.0
16      b20     1411    9.48      32.7     2.8     11.84    1.26   1.0e+13    34.8    1426  1396     2.0
16      b21     1442    9.90      32.3     2.6     12.27    1.15   9.5e+12    31.7    1458  1426     2.0
16      b22     1474   10.34      31.8     2.5     12.70    1.04   8.6e+12    29.0    1490  1458     2.0
16      b23     1506   10.80      31.4     2.4     13.14    0.95   7.9e+12    26.5    1523  1490     2.0
16      b24     1540   11.29      31.0     2.3     13.57    0.87   7.2e+12    24.3    1556  1523     2.0
16      b25     1574   11.79      30.5     2.2     14.00    0.79   6.5e+12    22.4    1591  1556     2.0
16      b26     1608   12.31      30.1     2.1     14.42    0.72   6.0e+12    20.7    1626  1591     2.0
16      b27     1644   12.86      29.6     2.0     14.84    0.66   5.5e+12    19.2    1662  1626     2.0
16      b28     1680   13.44      29.1     1.9     15.26    0.60   5.0e+12    17.8    1698  1662     2.0
16      b29     1717   14.04      28.6     1.8     15.66    0.56   4.6e+12    16.7    1736  1698     2.0
16      b30     1755   14.66      28.2     1.8     16.04    0.51   4.2e+12    15.6    1774  1736     2.0
16      b31     1794   15.32      27.7     1.7     16.41    0.47   3.9e+12    14.7    1813  1774     2.0
16      b32     1833   16.00      27.2     1.6     16.76    0.44   3.6e+12    14.0    1853  1813     2.0
16      b33     1874   16.71      26.7     1.6     17.09    0.40   3.3e+12    13.3    1894  1853     2.0
16      b34     1915   17.46      26.2     1.5     17.38    0.38   3.1e+12    12.8    1936  1894     2.0
16      b35     1957   18.24      25.7     1.5     17.64    0.35   2.9e+12    12.3    1979  1936     2.0
16      b36     2000   19.05      25.1     1.4     17.87    0.33   2.7e+12    12.0    2022  1979     2.0
16      b37     2045   19.90      24.6     1.4     18.05    0.31   2.6e+12    11.7    2067  2022     2.0
16      b38     2090   20.79      24.1     1.3     18.19    0.29   2.4e+12    11.6    2112  2067     2.0
16      b39     2136   21.72      23.6     1.3     18.28    0.28   2.3e+12    11.5    2159  2112     2.0
16      b40     2183   22.69      23.1     1.3     18.31    0.26   2.2e+12    11.5    2207  2159     2.0
16      b41     2231   23.70      22.6     1.2     18.28    0.25   2.1e+12    11.7    2255  2207     2.0
16      b42     2280   24.75      22.1     1.2     18.19    0.24   2.0e+12    12.0    2305  2255     2.0
16      b43     2330   25.86      21.5     1.2     18.03    0.24   2.0e+12    12.4    2356  2305     2.0
16      b44     2382   27.01      21.0     1.2     17.79    0.23   1.9e+12    13.0    2408  2356     2.0
16      b45     2434   28.22      20.5     1.2     17.48    0.23   1.9e+12    13.8    2461  2408     2.0
16      b46     2488   29.48      19.9     1.2     17.10    0.23   1.9e+12    14.9    2515  2461     2.0
17      b01      932    4.14      37.1     6.1      6.08    6.19   5.1e+13   192.6     942   922     2.0
17      b02      953    4.32      37.3     5.8      6.40    5.63   4.7e+13   173.0     963   942     2.0
17      b03      974    4.51      37.4     5.5      6.74    5.11   4.2e+13   155.3     984   963     2.0
17      b04      995    4.72      37.5     5.3      7.09    4.63   3.8e+13   139.3    1006   984     2.0
17      b05     1017    4.93      37.5     5.0      7.45    4.20   3.5e+13   125.0    1028  1006     2.0
17      b06     1040    5.15      37.5     4.8      7.82    3.80   3.2e+13   112.1    1051  1028     2.0
17      b07     1062    5.37      37.4     4.6      8.21    3.44   2.9e+13   100.5    1074  1051     2.0
17      b08     1086    5.61      37.3     4.3      8.61    3.12   2.6e+13    90.1    1098  1074     2.0
17      b09     1110    5.86      37.2     4.1      9.02    2.82   2.3e+13    80.8    1122  1098     2.0
17      b10     1134    6.13      37.0     3.9      9.44    2.55   2.1e+13    72.5    1147  1122     2.0
17      b11     1159    6.40      36.8     3.7      9.87    2.30   1.9e+13    65.0    1172  1147     2.0
17      b12     1185    6.69      36.5     3.5     10.32    2.08   1.7e+13    58.3    1198  1172     2.0
17      b13     1211    6.98      36.3     3.4     10.77    1.88   1.6e+13    52.4    1224  1198     2.0
17      b14     1238    7.29      36.0     3.2     11.24    1.70   1.4e+13    47.1    1251  1224     2.0
17      b15     1265    7.62      35.6     3.0     11.72    1.53   1.3e+13    42.3    1279  1251     2.0
17      b16     1293    7.96      35.3     2.9     12.21    1.39   1.1e+13    38.1    1307  1279     2.0
17      b17     1322    8.32      34.9     2.7     12.71    1.25   1.0e+13    34.3    1336  1307     2.0
17      b18     1351    8.69      34.5     2.6     13.22    1.13   9.4e+12    31.0    1365  1336     2.0
17      b19     1380    9.07      34.1     2.5     13.73    1.02   8.5e+12    28.0    1396  1365     2.0
17      b20     1411    9.48      33.7     2.4     14.25    0.93   7.7e+12    25.3    1426  1396     2.0
17      b21     1442    9.90      33.2     2.2     14.78    0.84   7.0e+12    23.0    1458  1426     2.0
17      b22     1474   10.34      32.8     2.1     15.31    0.76   6.3e+12    20.9    1490  1458     2.0
17      b23     1506   10.80      32.3     2.0     15.85    0.69   5.7e+12    19.1    1523  1490     2.0
17      b24     1540   11.29      31.8     1.9     16.38    0.63   5.2e+12    17.4    1556  1523     2.0
17      b25     1574   11.79      31.4     1.9     16.91    0.57   4.7e+12    16.0    1591  1556     2.0
17      b26     1608   12.31      30.9     1.8     17.44    0.52   4.3e+12    14.7    1626  1591     2.0
17      b27     1644   12.86      30.4     1.7     17.96    0.47   3.9e+12    13.5    1662  1626     2.0
17      b28     1680   13.44      29.9     1.6     18.47    0.43   3.6e+12    12.5    1698  1662     2.0
17      b29     1717   14.04      29.3     1.5     18.96    0.40   3.3e+12    11.7    1736  1698     2.0
17      b30     1755   14.66      28.8     1.5     19.43    0.37   3.0e+12    10.9    1774  1736     2.0
17      b31     1794   15.32      28.3     1.4     19.88    0.34   2.8e+12    10.2    1813  1774     2.0
17      b32     1833   16.00      27.8     1.4     20.31    0.31   2.6e+12     9.7    1853  1813     2.0
17      b33     1874   16.71      27.3     1.3     20.70    0.29   2.4e+12     9.2    1894  1853     2.0
17      b34     1915   17.46      26.7     1.3     21.05    0.27   2.2e+12     8.8    1936  1894     2.0
17      b35     1957   18.24      26.2     1.2     21.36    0.25   2.1e+12     8.4    1979  1936     2.0
17      b36     2000   19.05      25.7     1.2     21.62    0.23   1.9e+12     8.2    2022  1979     2.0
17      b37     2045   19.90      25.2     1.2     21.83    0.22   1.8e+12     8.0    2067  2022     2.0
17      b38     2090   20.79      24.6     1.1     21.98    0.21   1.7e+12     7.8    2112  2067     2.0
17      b39     2136   21.72      24.1     1.1     22.06    0.20   1.6e+12     7.8    2159  2112     2.0
17      b40     2183   22.69      23.6     1.1     22.06    0.19   1.6e+12     7.8    2207  2159     2.0
17      b41     2231   23.70      23.1     1.0     21.99    0.18   1.5e+12     7.9    2255  2207     2.0
17      b42     2280   24.75      22.6     1.0     21.84    0.18   1.5e+12     8.1    2305  2255     2.0
17      b43     2330   25.86      22.0     1.0     21.60    0.17   1.4e+12     8.4    2356  2305     2.0
17      b44     2382   27.01      21.5     1.0     21.27    0.17   1.4e+12     8.8    2408  2356     2.0
17      b45     2434   28.22      21.0     1.0     20.85    0.17   1.4e+12     9.3    2461  2408     2.0
17      b46     2488   29.48      20.4     1.0     20.33    0.17   1.4e+12    10.0    2515  2461     2.0
17      b47     2543   30.79      19.9     1.0     19.71    0.17   1.4e+12    10.9    2571  2515     2.0
17      b48     2599   32.16      19.3     1.0     19.00    0.17   1.4e+12    12.1    2627  2571     2.0
18      b01      932    4.14      39.2     5.5      7.08    5.09   4.2e+13   153.0     942   922     2.0
18      b02      953    4.32      39.3     5.3      7.46    4.60   3.8e+13   136.8     963   942     2.0
18      b03      974    4.51      39.3     5.0      7.86    4.16   3.4e+13   122.2     984   963     2.0
18      b04      995    4.72      39.3     4.8      8.26    3.76   3.1e+13   109.1    1006   984     2.0
18      b05     1017    4.93      39.3     4.5      8.69    3.39   2.8e+13    97.5    1028  1006     2.0
18      b06     1040    5.15      39.2     4.3      9.13    3.06   2.5e+13    87.0    1051  1028     2.0
18      b07     1062    5.37      39.1     4.1      9.58    2.76   2.3e+13    77.7    1074  1051     2.0
18      b08     1086    5.61      38.9     3.9     10.05    2.49   2.1e+13    69.4    1098  1074     2.0
18      b09     1110    5.86      38.7     3.7     10.53    2.24   1.9e+13    62.1    1122  1098     2.0
18      b10     1134    6.13      38.4     3.5     11.02    2.02   1.7e+13    55.5    1147  1122     2.0
18      b11     1159    6.40      38.1     3.3     11.54    1.81   1.5e+13    49.6    1172  1147     2.0
18      b12     1185    6.69      37.8     3.1     12.06    1.63   1.4e+13    44.4    1198  1172     2.0
18      b13     1211    6.98      37.5     3.0     12.60    1.47   1.2e+13    39.8    1224  1198     2.0
18      b14     1238    7.29      37.1     2.8     13.15    1.32   1.1e+13    35.7    1251  1224     2.0
18      b15     1265    7.62      36.7     2.7     13.72    1.19   9.9e+12    32.1    1279  1251     2.0
18      b16     1293    7.96      36.3     2.5     14.30    1.07   8.9e+12    28.8    1307  1279     2.0
18      b17     1322    8.32      35.9     2.4     14.89    0.96   8.0e+12    26.0    1336  1307     2.0
18      b18     1351    8.69      35.4     2.3     15.50    0.87   7.2e+12    23.4    1365  1336     2.0
18      b19     1380    9.07      35.0     2.2     16.11    0.78   6.5e+12    21.2    1396  1365     2.0
18      b20     1411    9.48      34.5     2.1     16.73    0.70   5.8e+12    19.2    1426  1396     2.0
18      b21     1442    9.90      34.0     2.0     17.36    0.64   5.3e+12    17.4    1458  1426     2.0
18      b22     1474   10.34      33.5     1.9     17.99    0.57   4.8e+12    15.9    1490  1458     2.0
18      b23     1506   10.80      33.0     1.8     18.63    0.52   4.3e+12    14.5    1523  1490     2.0
18      b24     1540   11.29      32.4     1.7     19.27    0.47   3.9e+12    13.3    1556  1523     2.0
18      b25     1574   11.79      31.9     1.6     19.90    0.43   3.5e+12    12.3    1591  1556     2.0
18      b26     1608   12.31      31.4     1.5     20.53    0.39   3.2e+12    11.3    1626  1591     2.0
18      b27     1644   12.86      30.8     1.5     21.15    0.35   2.9e+12    10.5    1662  1626     2.0
18      b28     1680   13.44      30.3     1.4     21.75    0.32   2.7e+12     9.8    1698  1662     2.0
18      b29     1717   14.04      29.7     1.3     22.33    0.29   2.4e+12     9.2    1736  1698     2.0
18      b30     1755   14.66      29.2     1.3     22.90    0.27   2.2e+12     8.7    1774  1736     2.0
18      b31     1794   15.32      28.6     1.2     23.43    0.25   2.1e+12     8.2    1813  1774     2.0
18      b32     1833   16.00      28.1     1.2     23.92    0.23   1.9e+12     7.9    1853  1813     2.0
18      b33     1874   16.71      27.5     1.1     24.38    0.21   1.8e+12     7.6    1894  1853     2.0
18      b34     1915   17.46      27.0     1.1     24.79    0.20   1.6e+12     7.3    1936  1894     2.0
18      b35     1957   18.24      26.4     1.1     25.14    0.18   1.5e+12     7.2    1979  1936     2.0
18      b36     2000   19.05      25.9     1.0     25.43    0.17   1.4e+12     7.1    2022  1979     2.0
18      b37     2045   19.90      25.3     1.0     25.65    0.16   1.3e+12     7.0    2067  2022     2.0
18      b38     2090   20.79      24.8     1.0     25.79    0.15   1.3e+12     7.0    2112  2067     2.0
18      b39     2136   21.72      24.2     0.9     25.85    0.15   1.2e+12     7.1    2159  2112     2.0
18      b40     2183   22.69      23.7     0.9     25.82    0.14   1.2e+12     7.3    2207  2159     2.0
18      b41     2231   23.70      23.1     0.9     25.68    0.13   1.1e+12     7.6    2255  2207     2.0
18      b42     2280   24.75      22.6     0.9     25.45    0.13   1.1e+12     8.0    2305  2255     2.0
18      b43     2330   25.86      22.0     0.9     25.10    0.13   1.1e+12     8.5    2356  2305     2.0
18      b44     2382   27.01      21.4     0.9     24.63    0.13   1.0e+12     9.2    2408  2356     2.0
18      b45     2434   28.22      20.9     0.9     24.05    0.12   1.0e+12    10.1    2461  2408     2.0
18      b46     2488   29.48      20.3     0.9     23.34    0.13   1.0e+12    11.3    2515  2461     2.0
18      b47     2543   30.79      19.7     0.9     22.52    0.13   1.1e+12    12.8    2571  2515     2.0
18      b48     2599   32.16      19.1     0.9     21.57    0.13   1.1e+12    14.8    2627  2571     2.0
18      b49     2656   33.60      18.5     0.9     20.50    0.13   1.1e+12    17.4    2685  2627     2.0
19      b01      932    4.14      40.9     5.0      8.12    4.20   3.5e+13   125.5     942   922     2.0
19      b02      953    4.32      40.9     4.8      8.57    3.78   3.1e+13   111.6     963   942     2.0
19      b03      974    4.51      40.9     4.5      9.03    3.40   2.8e+13    99.3     984   963     2.0
19      b04      995    4.72      40.8     4.3      9.52    3.06   2.5e+13    88.3    1006   984     2.0
19      b05     1017    4.93      40.7     4.1     10.02    2.74   2.3e+13    78.5    1028  1006     2.0
19      b06     1040    5.15      40.6     3.9     10.53    2.46   2.0e+13    69.8    1051  1028     2.0
19      b07     1062    5.37      40.4     3.6     11.07    2.21   1.8e+13    62.0    1074  1051     2.0
19      b08     1086    5.61      40.2     3.5     11.62    1.98   1.6e+13    55.1    1098  1074     2.0
19      b09     1110    5.86      39.9     3.3     12.20    1.78   1.5e+13    49.0    1122  1098     2.0
19      b10     1134    6.13      39.6     3.1     12.79    1.59   1.3e+13    43.6    1147  1122     2.0
19      b11     1159    6.40      39.3     2.9     13.40    1.43   1.2e+13    38.8    1172  1147     2.0
19      b12     1185    6.69      38.9     2.8     14.03    1.28   1.1e+13    34.6    1198  1172     2.0
19      b13     1211    6.98      38.5     2.6     14.68    1.14   9.5e+12    30.8    1224  1198     2.0
19      b14     1238    7.29      38.1     2.5     15.35    1.02   8.5e+12    27.5    1251  1224     2.0
19      b15     1265    7.62      37.7     2.4     16.03    0.92   7.6e+12    24.5    1279  1251     2.0
19      b16     1293    7.96      37.2     2.2     16.73    0.82   6.8e+12    22.0    1307  1279     2.0
19      b17     1322    8.32      36.8     2.1     17.45    0.74   6.1e+12    19.7    1336  1307     2.0
19      b18     1351    8.69      36.3     2.0     18.18    0.66   5.5e+12    17.7    1365  1336     2.0
19      b19     1380    9.07      35.8     1.9     18.93    0.59   4.9e+12    15.9    1396  1365     2.0
19      b20     1411    9.48      35.2     1.8     19.69    0.53   4.4e+12    14.3    1426  1396     2.0
19      b21     1442    9.90      34.7     1.7     20.45    0.48   4.0e+12    12.9    1458  1426     2.0
19      b22     1474   10.34      34.2     1.6     21.23    0.43   3.6e+12    11.7    1490  1458     2.0
19      b23     1506   10.80      33.6     1.5     22.01    0.39   3.2e+12    10.6    1523  1490     2.0
19      b24     1540   11.29      33.1     1.5     22.79    0.35   2.9e+12     9.7    1556  1523     2.0
19      b25     1574   11.79      32.5     1.4     23.56    0.32   2.6e+12     8.9    1591  1556     2.0
19      b26     1608   12.31      32.0     1.3     24.33    0.29   2.4e+12     8.2    1626  1591     2.0
19      b27     1644   12.86      31.4     1.3     25.09    0.26   2.2e+12     7.5    1662  1626     2.0
19      b28     1680   13.44      30.8     1.2     25.83    0.24   2.0e+12     7.0    1698  1662     2.0
19      b29     1717   14.04      30.3     1.1     26.54    0.22   1.8e+12     6.5    1736  1698     2.0
19      b30     1755   14.66      29.7     1.1     27.23    0.20   1.6e+12     6.1    1774  1736     2.0
19      b31     1794   15.32      29.1     1.0     27.88    0.18   1.5e+12     5.7    1813  1774     2.0
19      b32     1833   16.00      28.6     1.0     28.48    0.17   1.4e+12     5.5    1853  1813     2.0
19      b33     1874   16.71      28.0     1.0     29.03    0.15   1.3e+12     5.2    1894  1853     2.0
19      b34     1915   17.46      27.4     0.9     29.52    0.14   1.2e+12     5.0    1936  1894     2.0
19      b35     1957   18.24      26.9     0.9     29.94    0.13   1.1e+12     4.9    1979  1936     2.0
19      b36     2000   19.05      26.3     0.9     30.28    0.13   1.0e+12     4.8    2022  1979     2.0
19      b37     2045   19.90      25.8     0.8     30.54    0.12   9.8e+11     4.7    2067  2022     2.0
19      b38     2090   20.79      25.2     0.8     30.69    0.11   9.3e+11     4.7    2112  2067     2.0
19      b39     2136   21.72      24.7     0.8     30.74    0.11   8.8e+11     4.7    2159  2112     2.0
19      b40     2183   22.69      24.1     0.8     30.67    0.10   8.5e+11     4.8    2207  2159     2.0
19      b41     2231   23.70      23.6     0.8     30.48    0.10   8.2e+11     5.0    2255  2207     2.0
19      b42     2280   24.75      23.0     0.8     30.16    0.10   8.0e+11     5.2    2305  2255     2.0
19      b43     2330   25.86      22.5     0.8     29.71    0.09   7.9e+11     5.5    2356  2305     2.0
19      b44     2382   27.01      21.9     0.8     29.11    0.09   7.8e+11     5.9    2408  2356     2.0
19      b45     2434   28.22      21.4     0.8     28.37    0.09   7.8e+11     6.4    2461  2408     2.0
19      b46     2488   29.48      20.8     0.8     27.49    0.09   7.9e+11     7.1    2515  2461     2.0
19      b47     2543   30.79      20.2     0.8     26.46    0.10   8.0e+11     8.0    2571  2515     2.0
19      b48     2599   32.16      19.6     0.8     25.29    0.10   8.3e+11     9.2    2627  2571     2.0
19      b49     2656   33.60      19.1     0.8     23.99    0.10   8.7e+11    10.8    2685  2627     2.0
20      b01      932    4.14      42.5     4.7      9.09    3.62   3.0e+13   102.6     942   922     2.0
20      b02      953    4.32      42.4     4.4      9.59    3.25   2.7e+13    90.9     963   942     2.0
20      b03      974    4.51      42.4     4.2     10.12    2.91   2.4e+13    80.6     984   963     2.0
20      b04      995    4.72      42.3     4.0     10.66    2.61   2.2e+13    71.4    1006   984     2.0
20      b05     1017    4.93      42.1     3.7     11.23    2.33   1.9e+13    63.2    1028  1006     2.0
20      b06     1040    5.15      41.9     3.5     11.81    2.09   1.7e+13    55.9    1051  1028     2.0
20      b07     1062    5.37      41.6     3.4     12.42    1.86   1.5e+13    49.5    1074  1051     2.0
20      b08     1086    5.61      41.3     3.2     13.05    1.66   1.4e+13    43.8    1098  1074     2.0
20      b09     1110    5.86      41.0     3.0     13.71    1.49   1.2e+13    38.8    1122  1098     2.0
20      b10     1134    6.13      40.7     2.8     14.38    1.33   1.1e+13    34.4    1147  1122     2.0
20      b11     1159    6.40      40.3     2.7     15.08    1.18   9.8e+12    30.5    1172  1147     2.0
20      b12     1185    6.69      39.9     2.5     15.80    1.06   8.8e+12    27.0    1198  1172     2.0
20      b13     1211    6.98      39.4     2.4     16.55    0.94   7.8e+12    24.0    1224  1198     2.0
20      b14     1238    7.29      39.0     2.3     17.32    0.84   7.0e+12    21.3    1251  1224     2.0
20      b15     1265    7.62      38.5     2.1     18.10    0.75   6.2e+12    19.0    1279  1251     2.0
20      b16     1293    7.96      38.0     2.0     18.91    0.67   5.6e+12    16.9    1307  1279     2.0
20      b17     1322    8.32      37.5     1.9     19.74    0.60   5.0e+12    15.1    1336  1307     2.0
20      b18     1351    8.69      37.0     1.8     20.59    0.53   4.4e+12    13.4    1365  1336     2.0
20      b19     1380    9.07      36.4     1.7     21.46    0.48   4.0e+12    12.0    1396  1365     2.0
20      b20     1411    9.48      35.9     1.6     22.34    0.43   3.5e+12    10.8    1426  1396     2.0
20      b21     1442    9.90      35.3     1.5     23.23    0.38   3.2e+12     9.7    1458  1426     2.0
20      b22     1474   10.34      34.7     1.4     24.14    0.34   2.8e+12     8.8    1490  1458     2.0
20      b23     1506   10.80      34.2     1.4     25.05    0.31   2.6e+12     7.9    1523  1490     2.0
20      b24     1540   11.29      33.6     1.3     25.96    0.28   2.3e+12     7.2    1556  1523     2.0
20      b25     1574   11.79      33.0     1.2     26.87    0.25   2.1e+12     6.6    1591  1556     2.0
20      b26     1608   12.31      32.4     1.2     27.78    0.23   1.9e+12     6.0    1626  1591     2.0
20      b27     1644   12.86      31.8     1.1     28.67    0.20   1.7e+12     5.5    1662  1626     2.0
20      b28     1680   13.44      31.3     1.1     29.54    0.19   1.5e+12     5.1    1698  1662     2.0
20      b29     1717   14.04      30.7     1.0     30.39    0.17   1.4e+12     4.7    1736  1698     2.0
20      b30     1755   14.66      30.1     1.0     31.20    0.15   1.3e+12     4.4    1774  1736     2.0
20      b31     1794   15.32      29.5     0.9     31.97    0.14   1.2e+12     4.1    1813  1774     2.0
20      b32     1833   16.00      28.9     0.9     32.69    0.13   1.1e+12     3.9    1853  1813     2.0
20      b33     1874   16.71      28.4     0.9     33.35    0.12   9.9e+11     3.7    1894  1853     2.0
20      b34     1915   17.46      27.8     0.8     33.93    0.11   9.2e+11     3.6    1936  1894     2.0
20      b35     1957   18.24      27.2     0.8     34.43    0.10   8.6e+11     3.4    1979  1936     2.0
20      b36     2000   19.05      26.7     0.8     34.85    0.10   8.0e+11     3.4    2022  1979     2.0
20      b37     2045   19.90      26.1     0.7     35.15    0.09   7.6e+11     3.3    2067  2022     2.0
20      b38     2090   20.79      25.5     0.7     35.34    0.09   7.2e+11     3.3    2112  2067     2.0
20      b39     2136   21.72      25.0     0.7     35.41    0.08   6.8e+11     3.3    2159  2112     2.0
20      b40     2183   22.69      24.4     0.7     35.34    0.08   6.6e+11     3.3    2207  2159     2.0
20      b41     2231   23.70      23.9     0.7     35.12    0.08   6.4e+11     3.4    2255  2207     2.0
20      b42     2280   24.75      23.3     0.7     34.75    0.07   6.2e+11     3.6    2305  2255     2.0
20      b43     2330   25.86      22.8     0.7     34.22    0.07   6.1e+11     3.8    2356  2305     2.0
20      b44     2382   27.01      22.2     0.7     33.53    0.07   6.1e+11     4.0    2408  2356     2.0
20      b45     2434   28.22      21.7     0.7     32.67    0.07   6.1e+11     4.4    2461  2408     2.0
20      b46     2488   29.48      21.2     0.7     31.64    0.07   6.1e+11     4.8    2515  2461     2.0
20      b47     2543   30.79      20.6     0.7     30.44    0.08   6.3e+11     5.4    2571  2515     2.0
20      b48     2599   32.16      20.0     0.7     29.09    0.08   6.5e+11     6.2    2627  2571     2.0
20      b49     2656   33.60      19.5     0.7     27.58    0.08   6.8e+11     7.3    2685  2627     2.0
21      b01      932    4.14      43.8     4.4     10.02    3.18   2.6e+13    85.8     942   922     2.0
21      b02      953    4.32      43.8     4.1     10.59    2.84   2.4e+13    75.4     963   942     2.0
21      b03      974    4.51      43.7     3.9     11.18    2.53   2.1e+13    66.3     984   963     2.0
21      b04      995    4.72      43.5     3.7     11.80    2.26   1.9e+13    58.3    1006   984     2.0
21      b05     1017    4.93      43.3     3.5     12.44    2.01   1.7e+13    51.2    1028  1006     2.0
21      b06     1040    5.15      43.1     3.3     13.11    1.79   1.5e+13    45.0    1051  1028     2.0
21      b07     1062    5.37      42.8     3.1     13.81    1.59   1.3e+13    39.5    1074  1051     2.0
21      b08     1086    5.61      42.4     2.9     14.53    1.42   1.2e+13    34.7    1098  1074     2.0
21      b09     1110    5.86      42.1     2.8     15.28    1.26   1.0e+13    30.5    1122  1098     2.0
21      b10     1134    6.13      41.7     2.6     16.06    1.12   9.3e+12    26.8    1147  1122     2.0
21      b11     1159    6.40      41.3     2.4     16.87    0.99   8.2e+12    23.6    1172  1147     2.0
21      b12     1185    6.69      40.8     2.3     17.71    0.88   7.3e+12    20.8    1198  1172     2.0
21      b13     1211    6.98      40.3     2.2     18.58    0.78   6.5e+12    18.3    1224  1198     2.0
21      b14     1238    7.29      39.8     2.0     19.47    0.69   5.8e+12    16.2    1251  1224     2.0
21      b15     1265    7.62      39.3     1.9     20.40    0.62   5.1e+12    14.3    1279  1251     2.0
21      b16     1293    7.96      38.8     1.8     21.35    0.55   4.5e+12    12.6    1307  1279     2.0
21      b17     1322    8.32      38.2     1.7     22.34    0.49   4.0e+12    11.2    1336  1307     2.0
21      b18     1351    8.69      37.6     1.6     23.35    0.43   3.6e+12    10.0    1365  1336     2.0
21      b19     1380    9.07      37.1     1.5     24.38    0.38   3.2e+12     8.9    1396  1365     2.0
21      b20     1411    9.48      36.5     1.4     25.44    0.34   2.8e+12     7.9    1426  1396     2.0
21      b21     1442    9.90      35.9     1.4     26.52    0.30   2.5e+12     7.1    1458  1426     2.0
21      b22     1474   10.34      35.3     1.3     27.62    0.27   2.2e+12     6.4    1490  1458     2.0
21      b23     1506   10.80      34.7     1.2     28.74    0.24   2.0e+12     5.8    1523  1490     2.0
21      b24     1540   11.29      34.1     1.1     29.87    0.22   1.8e+12     5.2    1556  1523     2.0
21      b25     1574   11.79      33.5     1.1     31.00    0.19   1.6e+12     4.7    1591  1556     2.0
21      b26     1608   12.31      32.9     1.0     32.14    0.17   1.4e+12     4.3    1626  1591     2.0
21      b27     1644   12.86      32.3     1.0     33.27    0.16   1.3e+12     4.0    1662  1626     2.0
21      b28     1680   13.44      31.6     0.9     34.38    0.14   1.2e+12     3.7    1698  1662     2.0
21      b29     1717   14.04      31.0     0.9     35.48    0.13   1.1e+12     3.4    1736  1698     2.0
21      b30     1755   14.66      30.4     0.8     36.55    0.12   9.5e+11     3.2    1774  1736     2.0
21      b31     1794   15.32      29.8     0.8     37.58    0.10   8.7e+11     3.0    1813  1774     2.0
21      b32     1833   16.00      29.2     0.8     38.55    0.10   7.9e+11     2.8    1853  1813     2.0
21      b33     1874   16.71      28.7     0.7     39.47    0.09   7.2e+11     2.7    1894  1853     2.0
21      b34     1915   17.46      28.1     0.7     40.31    0.08   6.7e+11     2.6    1936  1894     2.0
21      b35     1957   18.24      27.5     0.7     41.06    0.07   6.2e+11     2.5    1979  1936     2.0
21      b36     2000   19.05      26.9     0.6     41.71    0.07   5.7e+11     2.5    2022  1979     2.0
21      b37     2045   19.90      26.3     0.6     42.25    0.06   5.3e+11     2.4    2067  2022     2.0
21      b38     2090   20.79      25.8     0.6     42.65    0.06   5.0e+11     2.5    2112  2067     2.0
21      b39     2136   21.72      25.2     0.6     42.91    0.06   4.7e+11     2.5    2159  2112     2.0
21      b40     2183   22.69      24.6     0.6     43.01    0.05   4.5e+11     2.6    2207  2159     2.0
21      b41     2231   23.70      24.1     0.6     42.93    0.05   4.3e+11     2.7    2255  2207     2.0
21      b42     2280   24.75      23.5     0.6     42.67    0.05   4.2e+11     2.8    2305  2255     2.0
21      b43     2330   25.86      23.0     0.5     42.21    0.05   4.1e+11     3.0    2356  2305     2.0
21      b44     2382   27.01      22.4     0.5     41.55    0.05   4.0e+11     3.3    2408  2356     2.0
21      b45     2434   28.22      21.8     0.5     40.67    0.05   4.0e+11     3.6    2461  2408     2.0
21      b46     2488   29.48      21.3     0.5     39.57    0.05   4.0e+11     4.1    2515  2461     2.0
21      b47     2543   30.79      20.7     0.5     38.25    0.05   4.0e+11     4.7    2571  2515     2.0
21      b48     2599   32.16      20.1     0.5     36.72    0.05   4.1e+11     5.5    2627  2571     2.0
21      b49     2656   33.60      19.5     0.6     34.98    0.05   4.3e+11     6.7    2685  2627     2.0
22      b01      932    4.14      44.6     4.1     10.80    2.83   2.3e+13    77.0     942   922     2.0
22      b02      953    4.32      44.5     3.9     11.43    2.52   2.1e+13    67.5     963   942     2.0
22      b03      974    4.51      44.4     3.7     12.08    2.24   1.9e+13    59.2     984   963     2.0
22      b04      995    4.72      44.2     3.5     12.75    1.99   1.7e+13    51.9    1006   984     2.0
22      b05     1017    4.93      44.0     3.3     13.46    1.77   1.5e+13    45.5    1028  1006     2.0
22      b06     1040    5.15      43.7     3.1     14.19    1.57   1.3e+13    39.8    1051  1028     2.0
22      b07     1062    5.37      43.4     2.9     14.96    1.39   1.2e+13    34.9    1074  1051     2.0
22      b08     1086    5.61      43.0     2.7     15.76    1.24   1.0e+13    30.6    1098  1074     2.0
22      b09     1110    5.86      42.6     2.6     16.58    1.09   9.1e+12    26.8    1122  1098     2.0
22      b10     1134    6.13      42.2     2.4     17.45    0.97   8.0e+12    23.5    1147  1122     2.0
22      b11     1159    6.40      41.7     2.3     18.34    0.86   7.1e+12    20.7    1172  1147     2.0
22      b12     1185    6.69      41.2     2.1     19.27    0.76   6.3e+12    18.1    1198  1172     2.0
22      b13     1211    6.98      40.7     2.0     20.23    0.67   5.6e+12    15.9    1224  1198     2.0
22      b14     1238    7.29      40.2     1.9     21.23    0.60   4.9e+12    14.0    1251  1224     2.0
22      b15     1265    7.62      39.7     1.8     22.26    0.53   4.4e+12    12.4    1279  1251     2.0
22      b16     1293    7.96      39.1     1.7     23.32    0.47   3.9e+12    10.9    1307  1279     2.0
22      b17     1322    8.32      38.5     1.6     24.42    0.41   3.4e+12     9.7    1336  1307     2.0
22      b18     1351    8.69      38.0     1.5     25.55    0.37   3.0e+12     8.6    1365  1336     2.0
22      b19     1380    9.07      37.4     1.4     26.71    0.32   2.7e+12     7.6    1396  1365     2.0
22      b20     1411    9.48      36.8     1.3     27.90    0.29   2.4e+12     6.8    1426  1396     2.0
22      b21     1442    9.90      36.2     1.2     29.11    0.26   2.1e+12     6.1    1458  1426     2.0
22      b22     1474   10.34      35.5     1.2     30.35    0.23   1.9e+12     5.4    1490  1458     2.0
22      b23     1506   10.80      34.9     1.1     31.61    0.20   1.7e+12     4.9    1523  1490     2.0
22      b24     1540   11.29      34.3     1.0     32.88    0.18   1.5e+12     4.4    1556  1523     2.0
22      b25     1574   11.79      33.7     1.0     34.16    0.16   1.3e+12     4.0    1591  1556     2.0
22      b26     1608   12.31      33.1     0.9     35.44    0.14   1.2e+12     3.6    1626  1591     2.0
22      b27     1644   12.86      32.4     0.9     36.72    0.13   1.1e+12     3.3    1662  1626     2.0
22      b28     1680   13.44      31.8     0.8     37.99    0.12   9.7e+11     3.1    1698  1662     2.0
22      b29     1717   14.04      31.2     0.8     39.24    0.11   8.7e+11     2.8    1736  1698     2.0
22      b30     1755   14.66      30.6     0.8     40.45    0.10   7.9e+11     2.6    1774  1736     2.0
22      b31     1794   15.32      30.0     0.7     41.62    0.09   7.1e+11     2.5    1813  1774     2.0
22      b32     1833   16.00      29.4     0.7     42.73    0.08   6.5e+11     2.3    1853  1813     2.0
22      b33     1874   16.71      28.8     0.7     43.78    0.07   6.0e+11     2.2    1894  1853     2.0
22      b34     1915   17.46      28.2     0.6     44.74    0.07   5.5e+11     2.1    1936  1894     2.0
22      b35     1957   18.24      27.6     0.6     45.60    0.06   5.0e+11     2.1    1979  1936     2.0
22      b36     2000   19.05      27.0     0.6     46.35    0.06   4.7e+11     2.0    2022  1979     2.0
22      b37     2045   19.90      26.5     0.6     46.96    0.05   4.4e+11     2.0    2067  2022     2.0
22      b38     2090   20.79      25.9     0.5     47.43    0.05   4.1e+11     2.0    2112  2067     2.0
22      b39     2136   21.72      25.3     0.5     47.73    0.05   3.9e+11     2.0    2159  2112     2.0
22      b40     2183   22.69      24.8     0.5     47.85    0.04   3.7e+11     2.1    2207  2159     2.0
22      b41     2231   23.70      24.2     0.5     47.77    0.04   3.5e+11     2.2    2255  2207     2.0
22      b42     2280   24.75      23.7     0.5     47.49    0.04   3.4e+11     2.3    2305  2255     2.0
22      b43     2330   25.86      23.1     0.5     46.97    0.04   3.3e+11     2.5    2356  2305     2.0
22      b44     2382   27.01      22.5     0.5     46.23    0.04   3.3e+11     2.7    2408  2356     2.0
22      b45     2434   28.22      22.0     0.5     45.24    0.04   3.2e+11     3.0    2461  2408     2.0
22      b46     2488   29.48      21.4     0.5     44.01    0.04   3.3e+11     3.3    2515  2461     2.0
22      b47     2543   30.79      20.9     0.5     42.53    0.04   3.3e+11     3.8    2571  2515     2.0
22      b48     2599   32.16      20.3     0.5     40.81    0.04   3.4e+11     4.5    2627  2571     2.0
22      b49     2656   33.60      19.7     0.5     38.85    0.04   3.5e+11     5.4    2685  2627     2.0
23      b01      932    4.14      45.3     4.0     11.44    2.60   2.2e+13    69.4     942   922     2.0
23      b02      953    4.32      45.2     3.7     12.09    2.32   1.9e+13    60.7     963   942     2.0
23      b03      974    4.51      45.0     3.5     12.76    2.07   1.7e+13    53.0     984   963     2.0
23      b04      995    4.72      44.8     3.3     13.47    1.84   1.5e+13    46.3    1006   984     2.0
23      b05     1017    4.93      44.6     3.1     14.20    1.63   1.4e+13    40.4    1028  1006     2.0
23      b06     1040    5.15      44.3     3.0     14.96    1.45   1.2e+13    35.3    1051  1028     2.0
23      b07     1062    5.37      43.9     2.8     15.76    1.29   1.1e+13    30.8    1074  1051     2.0
23      b08     1086    5.61      43.5     2.6     16.58    1.14   9.5e+12    26.9    1098  1074     2.0
23      b09     1110    5.86      43.1     2.5     17.44    1.01   8.4e+12    23.5    1122  1098     2.0
23      b10     1134    6.13      42.7     2.3     18.33    0.90   7.4e+12    20.6    1147  1122     2.0
23      b11     1159    6.40      42.2     2.2     19.25    0.80   6.6e+12    18.0    1172  1147     2.0
23      b12     1185    6.69      41.7     2.1     20.21    0.71   5.8e+12    15.8    1198  1172     2.0
23      b13     1211    6.98      41.1     1.9     21.20    0.62   5.2e+12    13.8    1224  1198     2.0
23      b14     1238    7.29      40.6     1.8     22.23    0.55   4.6e+12    12.1    1251  1224     2.0
23      b15     1265    7.62      40.0     1.7     23.29    0.49   4.1e+12    10.7    1279  1251     2.0
23      b16     1293    7.96      39.5     1.6     24.38    0.43   3.6e+12     9.4    1307  1279     2.0
23      b17     1322    8.32      38.9     1.5     25.51    0.39   3.2e+12     8.3    1336  1307     2.0
23      b18     1351    8.69      38.3     1.4     26.67    0.34   2.8e+12     7.3    1365  1336     2.0
23      b19     1380    9.07      37.6     1.4     27.86    0.30   2.5e+12     6.5    1396  1365     2.0
23      b20     1411    9.48      37.0     1.3     29.08    0.27   2.2e+12     5.8    1426  1396     2.0
23      b21     1442    9.90      36.4     1.2     30.32    0.24   2.0e+12     5.1    1458  1426     2.0
23      b22     1474   10.34      35.8     1.1     31.58    0.21   1.8e+12     4.6    1490  1458     2.0
23      b23     1506   10.80      35.1     1.1     32.87    0.19   1.6e+12     4.1    1523  1490     2.0
23      b24     1540   11.29      34.5     1.0     34.17    0.17   1.4e+12     3.7    1556  1523     2.0
23      b25     1574   11.79      33.9     1.0     35.47    0.15   1.3e+12     3.4    1591  1556     2.0
23      b26     1608   12.31      33.3     0.9     36.78    0.14   1.1e+12     3.1    1626  1591     2.0
23      b27     1644   12.86      32.6     0.9     38.08    0.12   1.0e+12     2.8    1662  1626     2.0
23      b28     1680   13.44      32.0     0.8     39.37    0.11   9.1e+11     2.6    1698  1662     2.0
23      b29     1717   14.04      31.4     0.8     40.63    0.10   8.2e+11     2.4    1736  1698     2.0
23      b30     1755   14.66      30.8     0.7     41.86    0.09   7.4e+11     2.2    1774  1736     2.0
23      b31     1794   15.32      30.1     0.7     43.04    0.08   6.7e+11     2.1    1813  1774     2.0
23      b32     1833   16.00      29.5     0.7     44.16    0.07   6.2e+11     2.0    1853  1813     2.0
23      b33     1874   16.71      28.9     0.6     45.21    0.07   5.6e+11     1.9    1894  1853     2.0
23      b34     1915   17.46      28.3     0.6     46.17    0.06   5.2e+11     1.8    1936  1894     2.0
23      b35     1957   18.24      27.7     0.6     47.03    0.06   4.8e+11     1.7    1979  1936     2.0
23      b36     2000   19.05      27.2     0.6     47.77    0.05   4.4e+11     1.7    2022  1979     2.0
23      b37     2045   19.90      26.6     0.5     48.37    0.05   4.2e+11     1.7    2067  2022     2.0
23      b38     2090   20.79      26.0     0.5     48.82    0.05   3.9e+11     1.7    2112  2067     2.0
23      b39     2136   21.72      25.4     0.5     49.10    0.04   3.7e+11     1.7    2159  2112     2.0
23      b40     2183   22.69      24.9     0.5     49.19    0.04   3.5e+11     1.8    2207  2159     2.0
23      b41     2231   23.70      24.3     0.5     49.08    0.04   3.4e+11     1.9    2255  2207     2.0
23      b42     2280   24.75      23.7     0.5     48.75    0.04   3.3e+11     2.0    2305  2255     2.0
23      b43     2330   25.86      23.2     0.5     48.20    0.04   3.2e+11     2.1    2356  2305     2.0
23      b44     2382   27.01      22.6     0.5     47.40    0.04   3.1e+11     2.3    2408  2356     2.0
23      b45     2434   28.22      22.1     0.5     46.36    0.04   3.1e+11     2.6    2461  2408     2.0
23      b46     2488   29.48      21.5     0.5     45.07    0.04   3.1e+11     2.9    2515  2461     2.0
23      b47     2543   30.79      21.0     0.5     43.52    0.04   3.2e+11     3.4    2571  2515     2.0
23      b48     2599   32.16      20.4     0.5     41.73    0.04   3.3e+11     4.0    2627  2571     2.0
23      b49     2656   33.60      19.8     0.5     39.70    0.04   3.4e+11     4.9    2685  2627     2.0
24      b01      932    4.14      45.7     3.8     12.12    2.36   2.0e+13    65.6     942   922     2.0
24      b02      953    4.32      45.5     3.6     12.74    2.12   1.8e+13    57.5     963   942     2.0
24      b03      974    4.51      45.3     3.4     13.38    1.91   1.6e+13    50.4     984   963     2.0
24      b04      995    4.72      45.1     3.2     14.04    1.71   1.4e+13    44.2    1006   984     2.0
24      b05     1017    4.93      44.8     3.0     14.72    1.54   1.3e+13    38.7    1028  1006     2.0
24      b06     1040    5.15      44.5     2.9     15.43    1.38   1.1e+13    33.9    1051  1028     2.0
24      b07     1062    5.37      44.1     2.7     16.16    1.23   1.0e+13    29.7    1074  1051     2.0
24      b08     1086    5.61      43.7     2.6     16.91    1.11   9.2e+12    26.0    1098  1074     2.0
24      b09     1110    5.86      43.2     2.4     17.69    0.99   8.2e+12    22.8    1122  1098     2.0
24      b10     1134    6.13      42.8     2.3     18.49    0.89   7.4e+12    20.0    1147  1122     2.0
24      b11     1159    6.40      42.3     2.2     19.31    0.79   6.6e+12    17.6    1172  1147     2.0
24      b12     1185    6.69      41.7     2.1     20.15    0.71   5.9e+12    15.4    1198  1172     2.0
24      b13     1211    6.98      41.2     2.0     21.02    0.64   5.3e+12    13.6    1224  1198     2.0
24      b14     1238    7.29      40.6     1.9     21.91    0.57   4.7e+12    11.9    1251  1224     2.0
24      b15     1265    7.62      40.1     1.8     22.83    0.51   4.2e+12    10.5    1279  1251     2.0
24      b16     1293    7.96      39.5     1.7     23.76    0.46   3.8e+12     9.3    1307  1279     2.0
24      b17     1322    8.32      38.9     1.6     24.71    0.41   3.4e+12     8.2    1336  1307     2.0
24      b18     1351    8.69      38.3     1.5     25.68    0.37   3.1e+12     7.3    1365  1336     2.0
24      b19     1380    9.07      37.6     1.4     26.66    0.33   2.7e+12     6.5    1396  1365     2.0
24      b20     1411    9.48      37.0     1.3     27.66    0.30   2.5e+12     5.8    1426  1396     2.0
24      b21     1442    9.90      36.4     1.3     28.67    0.27   2.2e+12     5.2    1458  1426     2.0
24      b22     1474   10.34      35.8     1.2     29.68    0.24   2.0e+12     4.7    1490  1458     2.0
24      b23     1506   10.80      35.1     1.1     30.69    0.22   1.8e+12     4.2    1523  1490     2.0
24      b24     1540   11.29      34.5     1.1     31.70    0.20   1.6e+12     3.8    1556  1523     2.0
24      b25     1574   11.79      33.9     1.0     32.70    0.18   1.5e+12     3.5    1591  1556     2.0
24      b26     1608   12.31      33.2     1.0     33.69    0.16   1.3e+12     3.2    1626  1591     2.0
24      b27     1644   12.86      32.6     0.9     34.65    0.15   1.2e+12     2.9    1662  1626     2.0
24      b28     1680   13.44      32.0     0.9     35.58    0.13   1.1e+12     2.7    1698  1662     2.0
24      b29     1717   14.04      31.3     0.9     36.48    0.12   1.0e+12     2.5    1736  1698     2.0
24      b30     1755   14.66      30.7     0.8     37.33    0.11   9.3e+11     2.3    1774  1736     2.0
24      b31     1794   15.32      30.1     0.8     38.12    0.10   8.6e+11     2.2    1813  1774     2.0
24      b32     1833   16.00      29.5     0.8     38.85    0.10   7.9e+11     2.1    1853  1813     2.0
24      b33     1874   16.71      28.9     0.7     39.49    0.09   7.4e+11     2.0    1894  1853     2.0
24      b34     1915   17.46      28.3     0.7     40.05    0.08   6.9e+11     1.9    1936  1894     2.0
24      b35     1957   18.24      27.7     0.7     40.51    0.08   6.4e+11     1.9    1979  1936     2.0
24      b36     2000   19.05      27.1     0.7     40.85    0.07   6.1e+11     1.9    2022  1979     2.0
24      b37     2045   19.90      26.5     0.6     41.07    0.07   5.7e+11     1.9    2067  2022     2.0
24      b38     2090   20.79      25.9     0.6     41.15    0.07   5.5e+11     1.9    2112  2067     2.0
24      b39     2136   21.72      25.4     0.6     41.08    0.06   5.2e+11     1.9    2159  2112     2.0
24      b40     2183   22.69      24.8     0.6     40.85    0.06   5.1e+11     2.0    2207  2159     2.0
24      b41     2231   23.70      24.2     0.6     40.46    0.06   4.9e+11     2.1    2255  2207     2.0
24      b42     2280   24.75      23.7     0.6     39.89    0.06   4.8e+11     2.2    2305  2255     2.0
24      b43     2330   25.86      23.1     0.6     39.13    0.06   4.8e+11     2.4    2356  2305     2.0
24      b44     2382   27.01      22.5     0.6     38.19    0.06   4.8e+11     2.7    2408  2356     2.0
24      b45     2434   28.22      22.0     0.6     37.07    0.06   4.8e+11     3.0    2461  2408     2.0
24      b46     2488   29.48      21.4     0.6     35.75    0.06   4.9e+11     3.4    2515  2461     2.0
24      b47     2543   30.79      20.8     0.6     34.25    0.06   5.1e+11     4.0    2571  2515     2.0
24      b48     2599   32.16      20.3     0.6     32.58    0.06   5.3e+11     4.8    2627  2571     2.0
24      b49     2656   33.60      19.7     0.6     30.74    0.07   5.6e+11     5.9    2685  2627     2.0
